Id,Predicted
0, 0.45
1, 0.32
2, 0.52
3, 0.44
4, 0.69
5, 0.38
6, 0.47
7, 0.44
8, 0.50
9, 0.53
10, 0.52
11, 0.49
12, 0.53
13, 0.52
14, 0.63
15, 0.70
16, 0.62
17, 0.51
18, 0.51
19, 0.34
20, 0.49
21, 0.72
22, 0.51
23, 0.48
24, 0.51
25, 0.48
26, 0.49
27, 0.50
28, 0.49
29, 0.50
30, 0.51
31, 0.39
32, 0.52
33, 0.39
34, 0.40
35, 0.45
36, 0.51
37, 0.50
38, 0.37
39, 0.56
40, 0.52
41, 0.44
42, 0.51
43, 0.46
44, 0.59
45, 0.52
46, 0.50
47, 0.43
48, 0.50
49, 0.50
50, 0.36
51, 0.43
52, 0.34
53, 0.36
54, 0.37
55, 0.46
56, 0.46
57, 0.43
58, 0.40
59, 0.48
60, 0.49
61, 0.45
62, 0.41
63, 0.58
64, 0.67
65, 0.42
66, 0.56
67, 0.49
68, 0.35
69, 0.52
70, 0.51
71, 0.74
72, 0.65
73, 0.49
74, 0.41
75, 0.52
76, 0.47
77, 0.51
78, 0.47
79, 0.32
80, 0.50
81, 0.48
82, 0.49
83, 0.73
84, 0.51
85, 0.59
86, 0.57
87, 0.44
88, 0.49
89, 0.73
90, 0.48
91, 0.61
92, 0.52
93, 0.50
94, 0.59
95, 0.53
96, 0.40
97, 0.53
98, 0.68
99, 0.45
100, 0.49
101, 0.48
102, 0.39
103, 0.54
104, 0.50
105, 0.57
106, 0.37
107, 0.45
108, 0.45
109, 0.57
110, 0.38
111, 0.49
112, 0.38
113, 0.51
114, 0.50
115, 0.48
116, 0.51
117, 0.50
118, 0.40
119, 0.39
120, 0.35
121, 0.65
122, 0.51
123, 0.46
124, 0.48
125, 0.36
126, 0.55
127, 0.51
128, 0.51
129, 0.46
130, 0.38
131, 0.64
132, 0.40
133, 0.54
134, 0.47
135, 0.54
136, 0.39
137, 0.30
138, 0.53
139, 0.57
140, 0.51
141, 0.50
142, 0.51
143, 0.63
144, 0.67
145, 0.46
146, 0.48
147, 0.49
148, 0.42
149, 0.32
150, 0.38
151, 0.70
152, 0.36
153, 0.39
154, 0.53
155, 0.57
156, 0.44
157, 0.53
158, 0.48
159, 0.42
160, 0.50
161, 0.51
162, 0.56
163, 0.40
164, 0.48
165, 0.61
166, 0.30
167, 0.46
168, 0.69
169, 0.45
170, 0.45
171, 0.50
172, 0.57
173, 0.52
174, 0.50
175, 0.49
176, 0.45
177, 0.38
178, 0.48
179, 0.46
180, 0.47
181, 0.48
182, 0.53
183, 0.50
184, 0.43
185, 0.52
186, 0.51
187, 0.44
188, 0.53
189, 0.49
190, 0.52
191, 0.50
192, 0.44
193, 0.48
194, 0.42
195, 0.40
196, 0.47
197, 0.56
198, 0.41
199, 0.33
200, 0.52
201, 0.35
202, 0.46
203, 0.47
204, 0.55
205, 0.49
206, 0.41
207, 0.45
208, 0.64
209, 0.50
210, 0.47
211, 0.51
212, 0.45
213, 0.50
214, 0.43
215, 0.49
216, 0.53
217, 0.47
218, 0.51
219, 0.38
220, 0.43
221, 0.48
222, 0.42
223, 0.45
224, 0.48
225, 0.49
226, 0.46
227, 0.56
228, 0.49
229, 0.47
230, 0.31
231, 0.39
232, 0.50
233, 0.43
234, 0.43
235, 0.38
236, 0.48
237, 0.37
238, 0.50
239, 0.49
240, 0.45
241, 0.43
242, 0.43
243, 0.43
244, 0.48
245, 0.46
246, 0.50
247, 0.51
248, 0.50
249, 0.38
250, 0.69
251, 0.44
252, 0.50
253, 0.35
254, 0.47
255, 0.52
256, 0.50
257, 0.50
258, 0.48
259, 0.44
260, 0.32
261, 0.31
262, 0.47
263, 0.70
264, 0.48
265, 0.49
266, 0.51
267, 0.50
268, 0.47
269, 0.51
270, 0.51
271, 0.51
272, 0.47
273, 0.41
274, 0.54
275, 0.50
276, 0.41
277, 0.31
278, 0.44
279, 0.47
280, 0.71
281, 0.57
282, 0.72
283, 0.49
284, 0.50
285, 0.54
286, 0.49
287, 0.49
288, 0.71
289, 0.48
290, 0.52
291, 0.38
292, 0.64
293, 0.44
294, 0.45
295, 0.51
296, 0.35
297, 0.47
298, 0.50
299, 0.48
300, 0.48
301, 0.55
302, 0.46
303, 0.48
304, 0.47
305, 0.55
306, 0.49
307, 0.55
308, 0.53
309, 0.51
310, 0.51
311, 0.44
312, 0.71
313, 0.45
314, 0.50
315, 0.49
316, 0.52
317, 0.56
318, 0.46
319, 0.37
320, 0.34
321, 0.70
322, 0.36
323, 0.30
324, 0.56
325, 0.44
326, 0.54
327, 0.44
328, 0.45
329, 0.51
330, 0.50
331, 0.51
332, 0.39
333, 0.36
334, 0.72
335, 0.48
336, 0.43
337, 0.51
338, 0.51
339, 0.50
340, 0.48
341, 0.51
342, 0.45
343, 0.44
344, 0.68
345, 0.53
346, 0.40
347, 0.44
348, 0.49
349, 0.44
350, 0.63
351, 0.46
352, 0.51
353, 0.54
354, 0.51
355, 0.48
356, 0.41
357, 0.44
358, 0.50
359, 0.47
360, 0.42
361, 0.52
362, 0.49
363, 0.54
364, 0.54
365, 0.53
366, 0.53
367, 0.57
368, 0.44
369, 0.32
370, 0.45
371, 0.55
372, 0.41
373, 0.58
374, 0.67
375, 0.51
376, 0.50
377, 0.53
378, 0.49
379, 0.51
380, 0.53
381, 0.44
382, 0.37
383, 0.53
384, 0.52
385, 0.47
386, 0.39
387, 0.48
388, 0.58
389, 0.41
390, 0.66
391, 0.49
392, 0.51
393, 0.49
394, 0.53
395, 0.52
396, 0.52
397, 0.47
398, 0.51
399, 0.65
400, 0.53
401, 0.43
402, 0.51
403, 0.51
404, 0.32
405, 0.50
406, 0.31
407, 0.50
408, 0.40
409, 0.44
410, 0.38
411, 0.53
412, 0.49
413, 0.52
414, 0.30
415, 0.45
416, 0.49
417, 0.66
418, 0.51
419, 0.48
420, 0.53
421, 0.52
422, 0.46
423, 0.51
424, 0.71
425, 0.51
426, 0.50
427, 0.56
428, 0.75
429, 0.33
430, 0.50
431, 0.53
432, 0.50
433, 0.32
434, 0.72
435, 0.52
436, 0.48
437, 0.50
438, 0.39
439, 0.34
440, 0.62
441, 0.43
442, 0.38
443, 0.46
444, 0.51
445, 0.51
446, 0.49
447, 0.32
448, 0.50
449, 0.62
450, 0.41
451, 0.40
452, 0.54
453, 0.52
454, 0.36
455, 0.43
456, 0.48
457, 0.50
458, 0.51
459, 0.51
460, 0.58
461, 0.52
462, 0.53
463, 0.71
464, 0.65
465, 0.57
466, 0.49
467, 0.44
468, 0.72
469, 0.52
470, 0.48
471, 0.48
472, 0.41
473, 0.51
474, 0.63
475, 0.56
476, 0.72
477, 0.50
478, 0.34
479, 0.47
480, 0.50
481, 0.68
482, 0.70
483, 0.49
484, 0.43
485, 0.53
486, 0.39
487, 0.71
488, 0.49
489, 0.47
490, 0.40
491, 0.44
492, 0.45
493, 0.51
494, 0.48
495, 0.41
496, 0.40
497, 0.47
498, 0.59
499, 0.56
500, 0.59
501, 0.35
502, 0.39
503, 0.51
504, 0.52
505, 0.74
506, 0.48
507, 0.65
508, 0.47
509, 0.47
510, 0.52
511, 0.49
512, 0.49
513, 0.46
514, 0.44
515, 0.52
516, 0.33
517, 0.59
518, 0.46
519, 0.47
520, 0.43
521, 0.53
522, 0.40
523, 0.48
524, 0.52
525, 0.47
526, 0.46
527, 0.50
528, 0.50
529, 0.49
530, 0.47
531, 0.48
532, 0.47
533, 0.51
534, 0.46
535, 0.53
536, 0.50
537, 0.47
538, 0.52
539, 0.40
540, 0.71
541, 0.46
542, 0.49
543, 0.74
544, 0.49
545, 0.45
546, 0.68
547, 0.47
548, 0.45
549, 0.45
550, 0.43
551, 0.47
552, 0.69
553, 0.31
554, 0.53
555, 0.49
556, 0.30
557, 0.68
558, 0.52
559, 0.53
560, 0.50
561, 0.48
562, 0.58
563, 0.73
564, 0.48
565, 0.64
566, 0.31
567, 0.72
568, 0.39
569, 0.72
570, 0.50
571, 0.55
572, 0.52
573, 0.35
574, 0.42
575, 0.51
576, 0.57
577, 0.57
578, 0.51
579, 0.55
580, 0.51
581, 0.51
582, 0.49
583, 0.48
584, 0.46
585, 0.49
586, 0.42
587, 0.49
588, 0.52
589, 0.38
590, 0.43
591, 0.54
592, 0.52
593, 0.70
594, 0.46
595, 0.45
596, 0.49
597, 0.51
598, 0.48
599, 0.53
600, 0.55
601, 0.69
602, 0.58
603, 0.43
604, 0.56
605, 0.40
606, 0.45
607, 0.34
608, 0.68
609, 0.35
610, 0.46
611, 0.48
612, 0.45
613, 0.37
614, 0.53
615, 0.48
616, 0.45
617, 0.52
618, 0.41
619, 0.36
620, 0.50
621, 0.51
622, 0.49
623, 0.49
624, 0.43
625, 0.41
626, 0.45
627, 0.71
628, 0.49
629, 0.51
630, 0.51
631, 0.43
632, 0.33
633, 0.49
634, 0.61
635, 0.44
636, 0.79
637, 0.48
638, 0.42
639, 0.48
640, 0.36
641, 0.53
642, 0.50
643, 0.51
644, 0.53
645, 0.51
646, 0.36
647, 0.35
648, 0.70
649, 0.51
650, 0.36
651, 0.41
652, 0.55
653, 0.57
654, 0.60
655, 0.46
656, 0.53
657, 0.50
658, 0.48
659, 0.48
660, 0.71
661, 0.51
662, 0.47
663, 0.51
664, 0.46
665, 0.44
666, 0.43
667, 0.68
668, 0.49
669, 0.68
670, 0.48
671, 0.53
672, 0.69
673, 0.59
674, 0.39
675, 0.68
676, 0.35
677, 0.50
678, 0.46
679, 0.50
680, 0.72
681, 0.63
682, 0.51
683, 0.49
684, 0.41
685, 0.49
686, 0.50
687, 0.52
688, 0.38
689, 0.36
690, 0.56
691, 0.47
692, 0.49
693, 0.44
694, 0.57
695, 0.51
696, 0.50
697, 0.53
698, 0.42
699, 0.39
700, 0.42
701, 0.37
702, 0.48
703, 0.49
704, 0.36
705, 0.49
706, 0.41
707, 0.37
708, 0.42
709, 0.46
710, 0.68
711, 0.50
712, 0.49
713, 0.45
714, 0.49
715, 0.38
716, 0.43
717, 0.45
718, 0.40
719, 0.50
720, 0.42
721, 0.55
722, 0.38
723, 0.47
724, 0.35
725, 0.50
726, 0.49
727, 0.50
728, 0.48
729, 0.46
730, 0.46
731, 0.32
732, 0.47
733, 0.72
734, 0.43
735, 0.46
736, 0.55
737, 0.47
738, 0.49
739, 0.37
740, 0.52
741, 0.30
742, 0.46
743, 0.33
744, 0.63
745, 0.46
746, 0.45
747, 0.50
748, 0.35
749, 0.60
750, 0.50
751, 0.49
752, 0.48
753, 0.66
754, 0.52
755, 0.44
756, 0.52
757, 0.52
758, 0.41
759, 0.50
760, 0.34
761, 0.56
762, 0.46
763, 0.44
764, 0.42
765, 0.45
766, 0.58
767, 0.47
768, 0.38
769, 0.49
770, 0.56
771, 0.51
772, 0.50
773, 0.52
774, 0.51
775, 0.56
776, 0.54
777, 0.47
778, 0.55
779, 0.42
780, 0.45
781, 0.55
782, 0.57
783, 0.44
784, 0.52
785, 0.48
786, 0.46
787, 0.45
788, 0.60
789, 0.31
790, 0.44
791, 0.53
792, 0.48
793, 0.41
794, 0.45
795, 0.44
796, 0.40
797, 0.50
798, 0.52
799, 0.72
800, 0.52
801, 0.56
802, 0.51
803, 0.63
804, 0.35
805, 0.36
806, 0.35
807, 0.50
808, 0.34
809, 0.37
810, 0.51
811, 0.53
812, 0.62
813, 0.31
814, 0.47
815, 0.44
816, 0.66
817, 0.46
818, 0.39
819, 0.51
820, 0.51
821, 0.38
822, 0.43
823, 0.45
824, 0.41
825, 0.46
826, 0.44
827, 0.51
828, 0.69
829, 0.50
830, 0.40
831, 0.50
832, 0.46
833, 0.49
834, 0.51
835, 0.48
836, 0.58
837, 0.51
838, 0.55
839, 0.54
840, 0.45
841, 0.47
842, 0.47
843, 0.44
844, 0.42
845, 0.51
846, 0.51
847, 0.35
848, 0.46
849, 0.51
850, 0.34
851, 0.50
852, 0.45
853, 0.56
854, 0.50
855, 0.66
856, 0.35
857, 0.47
858, 0.52
859, 0.56
860, 0.53
861, 0.40
862, 0.52
863, 0.48
864, 0.50
865, 0.50
866, 0.48
867, 0.31
868, 0.49
869, 0.47
870, 0.44
871, 0.52
872, 0.64
873, 0.74
874, 0.39
875, 0.35
876, 0.47
877, 0.39
878, 0.46
879, 0.51
880, 0.46
881, 0.46
882, 0.46
883, 0.44
884, 0.49
885, 0.50
886, 0.71
887, 0.40
888, 0.49
889, 0.39
890, 0.63
891, 0.50
892, 0.53
893, 0.45
894, 0.68
895, 0.52
896, 0.41
897, 0.42
898, 0.56
899, 0.46
900, 0.52
901, 0.43
902, 0.50
903, 0.51
904, 0.72
905, 0.75
906, 0.47
907, 0.50
908, 0.38
909, 0.47
910, 0.43
911, 0.49
912, 0.40
913, 0.36
914, 0.40
915, 0.48
916, 0.48
917, 0.74
918, 0.45
919, 0.52
920, 0.43
921, 0.48
922, 0.48
923, 0.52
924, 0.55
925, 0.52
926, 0.51
927, 0.73
928, 0.35
929, 0.62
930, 0.52
931, 0.46
932, 0.45
933, 0.48
934, 0.51
935, 0.45
936, 0.51
937, 0.45
938, 0.49
939, 0.56
940, 0.48
941, 0.30
942, 0.47
943, 0.51
944, 0.48
945, 0.44
946, 0.52
947, 0.70
948, 0.38
949, 0.40
950, 0.51
951, 0.53
952, 0.36
953, 0.51
954, 0.45
955, 0.46
956, 0.51
957, 0.50
958, 0.49
959, 0.44
960, 0.44
961, 0.51
962, 0.50
963, 0.52
964, 0.44
965, 0.37
966, 0.44
967, 0.53
968, 0.45
969, 0.49
970, 0.46
971, 0.34
972, 0.50
973, 0.42
974, 0.50
975, 0.51
976, 0.52
977, 0.49
978, 0.46
979, 0.40
980, 0.52
981, 0.48
982, 0.49
983, 0.52
984, 0.39
985, 0.47
986, 0.44
987, 0.38
988, 0.53
989, 0.51
990, 0.36
991, 0.50
992, 0.49
993, 0.50
994, 0.41
995, 0.46
996, 0.52
997, 0.44
998, 0.32
999, 0.52
1000, 0.44
1001, 0.51
1002, 0.46
1003, 0.49
1004, 0.72
1005, 0.50
1006, 0.43
1007, 0.72
1008, 0.51
1009, 0.43
1010, 0.40
1011, 0.47
1012, 0.53
1013, 0.49
1014, 0.42
1015, 0.47
1016, 0.57
1017, 0.49
1018, 0.51
1019, 0.53
1020, 0.38
1021, 0.50
1022, 0.46
1023, 0.49
1024, 0.50
1025, 0.42
1026, 0.71
1027, 0.53
1028, 0.71
1029, 0.46
1030, 0.41
1031, 0.68
1032, 0.50
1033, 0.52
1034, 0.53
1035, 0.60
1036, 0.49
1037, 0.49
1038, 0.48
1039, 0.51
1040, 0.46
1041, 0.50
1042, 0.77
1043, 0.46
1044, 0.45
1045, 0.52
1046, 0.42
1047, 0.51
1048, 0.42
1049, 0.43
1050, 0.44
1051, 0.62
1052, 0.50
1053, 0.40
1054, 0.39
1055, 0.72
1056, 0.36
1057, 0.46
1058, 0.52
1059, 0.50
1060, 0.52
1061, 0.48
1062, 0.45
1063, 0.48
1064, 0.70
1065, 0.48
1066, 0.74
1067, 0.44
1068, 0.48
1069, 0.50
1070, 0.63
1071, 0.50
1072, 0.49
1073, 0.53
1074, 0.40
1075, 0.35
1076, 0.44
1077, 0.45
1078, 0.43
1079, 0.37
1080, 0.44
1081, 0.41
1082, 0.44
1083, 0.68
1084, 0.54
1085, 0.56
1086, 0.47
1087, 0.52
1088, 0.52
1089, 0.54
1090, 0.50
1091, 0.48
1092, 0.45
1093, 0.46
1094, 0.47
1095, 0.53
1096, 0.41
1097, 0.50
1098, 0.51
1099, 0.46
1100, 0.50
1101, 0.50
1102, 0.51
1103, 0.52
1104, 0.49
1105, 0.48
1106, 0.42
1107, 0.48
1108, 0.41
1109, 0.39
1110, 0.50
1111, 0.43
1112, 0.55
1113, 0.50
1114, 0.64
1115, 0.56
1116, 0.41
1117, 0.42
1118, 0.46
1119, 0.57
1120, 0.60
1121, 0.43
1122, 0.55
1123, 0.54
1124, 0.59
1125, 0.45
1126, 0.48
1127, 0.46
1128, 0.56
1129, 0.44
1130, 0.51
1131, 0.49
1132, 0.47
1133, 0.51
1134, 0.48
1135, 0.38
1136, 0.46
1137, 0.45
1138, 0.46
1139, 0.49
1140, 0.61
1141, 0.37
1142, 0.36
1143, 0.52
1144, 0.49
1145, 0.49
1146, 0.52
1147, 0.44
1148, 0.68
1149, 0.70
1150, 0.47
1151, 0.44
1152, 0.71
1153, 0.39
1154, 0.33
1155, 0.42
1156, 0.36
1157, 0.49
1158, 0.46
1159, 0.54
1160, 0.47
1161, 0.48
1162, 0.48
1163, 0.51
1164, 0.49
1165, 0.67
1166, 0.46
1167, 0.51
1168, 0.50
1169, 0.51
1170, 0.51
1171, 0.52
1172, 0.66
1173, 0.49
1174, 0.70
1175, 0.52
1176, 0.49
1177, 0.47
1178, 0.42
1179, 0.44
1180, 0.45
1181, 0.38
1182, 0.47
1183, 0.53
1184, 0.57
1185, 0.47
1186, 0.71
1187, 0.49
1188, 0.49
1189, 0.53
1190, 0.44
1191, 0.68
1192, 0.52
1193, 0.51
1194, 0.48
1195, 0.51
1196, 0.46
1197, 0.30
1198, 0.47
1199, 0.71
1200, 0.52
1201, 0.47
1202, 0.47
1203, 0.69
1204, 0.47
1205, 0.48
1206, 0.52
1207, 0.51
1208, 0.36
1209, 0.43
1210, 0.51
1211, 0.47
1212, 0.51
1213, 0.50
1214, 0.35
1215, 0.48
1216, 0.47
1217, 0.30
1218, 0.47
1219, 0.48
1220, 0.33
1221, 0.69
1222, 0.51
1223, 0.49
1224, 0.59
1225, 0.38
1226, 0.50
1227, 0.34
1228, 0.53
1229, 0.47
1230, 0.44
1231, 0.50
1232, 0.55
1233, 0.43
1234, 0.51
1235, 0.50
1236, 0.52
1237, 0.48
1238, 0.52
1239, 0.43
1240, 0.52
1241, 0.43
1242, 0.53
1243, 0.60
1244, 0.50
1245, 0.52
1246, 0.47
1247, 0.33
1248, 0.59
1249, 0.53
1250, 0.51
1251, 0.52
1252, 0.50
1253, 0.52
1254, 0.47
1255, 0.50
1256, 0.75
1257, 0.68
1258, 0.51
1259, 0.49
1260, 0.45
1261, 0.53
1262, 0.40
1263, 0.52
1264, 0.54
1265, 0.49
1266, 0.57
1267, 0.46
1268, 0.46
1269, 0.46
1270, 0.45
1271, 0.43
1272, 0.54
1273, 0.71
1274, 0.50
1275, 0.46
1276, 0.52
1277, 0.41
1278, 0.50
1279, 0.65
1280, 0.38
1281, 0.45
1282, 0.43
1283, 0.49
1284, 0.52
1285, 0.62
1286, 0.62
1287, 0.57
1288, 0.50
1289, 0.52
1290, 0.50
1291, 0.71
1292, 0.47
1293, 0.71
1294, 0.51
1295, 0.50
1296, 0.47
1297, 0.49
1298, 0.49
1299, 0.44
1300, 0.35
1301, 0.58
1302, 0.35
1303, 0.43
1304, 0.43
1305, 0.51
1306, 0.70
1307, 0.49
1308, 0.45
1309, 0.44
1310, 0.46
1311, 0.50
1312, 0.32
1313, 0.47
1314, 0.51
1315, 0.66
1316, 0.45
1317, 0.33
1318, 0.47
1319, 0.44
1320, 0.48
1321, 0.46
1322, 0.36
1323, 0.55
1324, 0.43
1325, 0.45
1326, 0.49
1327, 0.46
1328, 0.62
1329, 0.58
1330, 0.45
1331, 0.50
1332, 0.63
1333, 0.46
1334, 0.52
1335, 0.52
1336, 0.47
1337, 0.46
1338, 0.50
1339, 0.69
1340, 0.51
1341, 0.35
1342, 0.39
1343, 0.54
1344, 0.50
1345, 0.64
1346, 0.38
1347, 0.47
1348, 0.43
1349, 0.44
1350, 0.48
1351, 0.43
1352, 0.34
1353, 0.49
1354, 0.50
1355, 0.50
1356, 0.42
1357, 0.47
1358, 0.54
1359, 0.41
1360, 0.46
1361, 0.45
1362, 0.73
1363, 0.46
1364, 0.51
1365, 0.50
1366, 0.51
1367, 0.66
1368, 0.53
1369, 0.49
1370, 0.68
1371, 0.43
1372, 0.50
1373, 0.38
1374, 0.31
1375, 0.72
1376, 0.48
1377, 0.41
1378, 0.47
1379, 0.51
1380, 0.46
1381, 0.48
1382, 0.31
1383, 0.48
1384, 0.42
1385, 0.54
1386, 0.49
1387, 0.43
1388, 0.51
1389, 0.50
1390, 0.52
1391, 0.60
1392, 0.44
1393, 0.51
1394, 0.73
1395, 0.46
1396, 0.50
1397, 0.42
1398, 0.49
1399, 0.54
1400, 0.44
1401, 0.50
1402, 0.46
1403, 0.48
1404, 0.34
1405, 0.32
1406, 0.44
1407, 0.57
1408, 0.49
1409, 0.49
1410, 0.72
1411, 0.53
1412, 0.71
1413, 0.47
1414, 0.50
1415, 0.38
1416, 0.50
1417, 0.50
1418, 0.44
1419, 0.49
1420, 0.51
1421, 0.46
1422, 0.49
1423, 0.47
1424, 0.46
1425, 0.51
1426, 0.49
1427, 0.52
1428, 0.50
1429, 0.43
1430, 0.49
1431, 0.47
1432, 0.50
1433, 0.52
1434, 0.49
1435, 0.33
1436, 0.40
1437, 0.50
1438, 0.43
1439, 0.55
1440, 0.47
1441, 0.38
1442, 0.45
1443, 0.44
1444, 0.49
1445, 0.33
1446, 0.40
1447, 0.35
1448, 0.48
1449, 0.35
1450, 0.52
1451, 0.57
1452, 0.63
1453, 0.65
1454, 0.42
1455, 0.52
1456, 0.47
1457, 0.50
1458, 0.35
1459, 0.53
1460, 0.47
1461, 0.43
1462, 0.51
1463, 0.41
1464, 0.53
1465, 0.39
1466, 0.49
1467, 0.44
1468, 0.51
1469, 0.51
1470, 0.39
1471, 0.42
1472, 0.46
1473, 0.44
1474, 0.50
1475, 0.62
1476, 0.49
1477, 0.46
1478, 0.45
1479, 0.50
1480, 0.62
1481, 0.49
1482, 0.48
1483, 0.53
1484, 0.44
1485, 0.51
1486, 0.50
1487, 0.73
1488, 0.36
1489, 0.50
1490, 0.36
1491, 0.47
1492, 0.55
1493, 0.46
1494, 0.56
1495, 0.69
1496, 0.48
1497, 0.55
1498, 0.37
1499, 0.47
1500, 0.50
1501, 0.48
1502, 0.41
1503, 0.56
1504, 0.58
1505, 0.47
1506, 0.50
1507, 0.50
1508, 0.50
1509, 0.42
1510, 0.52
1511, 0.50
1512, 0.33
1513, 0.45
1514, 0.51
1515, 0.48
1516, 0.48
1517, 0.47
1518, 0.51
1519, 0.34
1520, 0.45
1521, 0.45
1522, 0.49
1523, 0.31
1524, 0.50
1525, 0.50
1526, 0.40
1527, 0.32
1528, 0.47
1529, 0.53
1530, 0.46
1531, 0.70
1532, 0.43
1533, 0.58
1534, 0.52
1535, 0.55
1536, 0.47
1537, 0.57
1538, 0.71
1539, 0.49
1540, 0.47
1541, 0.69
1542, 0.50
1543, 0.46
1544, 0.52
1545, 0.51
1546, 0.51
1547, 0.52
1548, 0.54
1549, 0.53
1550, 0.34
1551, 0.44
1552, 0.52
1553, 0.46
1554, 0.49
1555, 0.39
1556, 0.40
1557, 0.69
1558, 0.50
1559, 0.50
1560, 0.66
1561, 0.48
1562, 0.35
1563, 0.31
1564, 0.65
1565, 0.67
1566, 0.51
1567, 0.52
1568, 0.48
1569, 0.74
1570, 0.45
1571, 0.46
1572, 0.72
1573, 0.36
1574, 0.40
1575, 0.38
1576, 0.62
1577, 0.73
1578, 0.75
1579, 0.50
1580, 0.36
1581, 0.47
1582, 0.50
1583, 0.40
1584, 0.42
1585, 0.51
1586, 0.35
1587, 0.52
1588, 0.49
1589, 0.61
1590, 0.42
1591, 0.66
1592, 0.51
1593, 0.52
1594, 0.48
1595, 0.31
1596, 0.52
1597, 0.51
1598, 0.63
1599, 0.43
1600, 0.41
1601, 0.45
1602, 0.57
1603, 0.47
1604, 0.46
1605, 0.40
1606, 0.53
1607, 0.47
1608, 0.47
1609, 0.47
1610, 0.51
1611, 0.44
1612, 0.46
1613, 0.36
1614, 0.60
1615, 0.64
1616, 0.49
1617, 0.49
1618, 0.57
1619, 0.51
1620, 0.69
1621, 0.48
1622, 0.62
1623, 0.51
1624, 0.53
1625, 0.53
1626, 0.48
1627, 0.53
1628, 0.56
1629, 0.47
1630, 0.56
1631, 0.51
1632, 0.47
1633, 0.45
1634, 0.53
1635, 0.44
1636, 0.62
1637, 0.44
1638, 0.54
1639, 0.45
1640, 0.40
1641, 0.48
1642, 0.65
1643, 0.58
1644, 0.50
1645, 0.46
1646, 0.37
1647, 0.65
1648, 0.53
1649, 0.38
1650, 0.46
1651, 0.36
1652, 0.31
1653, 0.74
1654, 0.42
1655, 0.54
1656, 0.43
1657, 0.37
1658, 0.53
1659, 0.53
1660, 0.51
1661, 0.32
1662, 0.51
1663, 0.47
1664, 0.49
1665, 0.71
1666, 0.47
1667, 0.48
1668, 0.35
1669, 0.53
1670, 0.51
1671, 0.71
1672, 0.48
1673, 0.51
1674, 0.49
1675, 0.30
1676, 0.43
1677, 0.46
1678, 0.51
1679, 0.58
1680, 0.49
1681, 0.54
1682, 0.70
1683, 0.44
1684, 0.46
1685, 0.54
1686, 0.57
1687, 0.51
1688, 0.35
1689, 0.50
1690, 0.51
1691, 0.51
1692, 0.49
1693, 0.33
1694, 0.53
1695, 0.51
1696, 0.49
1697, 0.77
1698, 0.47
1699, 0.46
1700, 0.44
1701, 0.51
1702, 0.54
1703, 0.71
1704, 0.44
1705, 0.49
1706, 0.69
1707, 0.45
1708, 0.49
1709, 0.47
1710, 0.45
1711, 0.53
1712, 0.53
1713, 0.45
1714, 0.49
1715, 0.47
1716, 0.69
1717, 0.49
1718, 0.40
1719, 0.44
1720, 0.44
1721, 0.50
1722, 0.40
1723, 0.44
1724, 0.46
1725, 0.49
1726, 0.60
1727, 0.44
1728, 0.51
1729, 0.57
1730, 0.37
1731, 0.44
1732, 0.53
1733, 0.49
1734, 0.51
1735, 0.46
1736, 0.49
1737, 0.36
1738, 0.67
1739, 0.54
1740, 0.60
1741, 0.51
1742, 0.56
1743, 0.36
1744, 0.40
1745, 0.46
1746, 0.48
1747, 0.46
1748, 0.46
1749, 0.48
1750, 0.51
1751, 0.39
1752, 0.46
1753, 0.58
1754, 0.62
1755, 0.54
1756, 0.40
1757, 0.63
1758, 0.51
1759, 0.48
1760, 0.48
1761, 0.55
1762, 0.49
1763, 0.51
1764, 0.52
1765, 0.50
1766, 0.40
1767, 0.58
1768, 0.40
1769, 0.39
1770, 0.45
1771, 0.47
1772, 0.51
1773, 0.48
1774, 0.52
1775, 0.49
1776, 0.50
1777, 0.46
1778, 0.53
1779, 0.38
1780, 0.64
1781, 0.52
1782, 0.45
1783, 0.48
1784, 0.38
1785, 0.51
1786, 0.47
1787, 0.71
1788, 0.53
1789, 0.46
1790, 0.53
1791, 0.31
1792, 0.49
1793, 0.49
1794, 0.47
1795, 0.40
1796, 0.37
1797, 0.51
1798, 0.43
1799, 0.47
1800, 0.47
1801, 0.49
1802, 0.51
1803, 0.52
1804, 0.37
1805, 0.51
1806, 0.75
1807, 0.51
1808, 0.46
1809, 0.54
1810, 0.53
1811, 0.47
1812, 0.52
1813, 0.56
1814, 0.46
1815, 0.46
1816, 0.31
1817, 0.49
1818, 0.48
1819, 0.46
1820, 0.48
1821, 0.50
1822, 0.53
1823, 0.30
1824, 0.42
1825, 0.49
1826, 0.50
1827, 0.43
1828, 0.38
1829, 0.53
1830, 0.49
1831, 0.49
1832, 0.43
1833, 0.73
1834, 0.51
1835, 0.38
1836, 0.56
1837, 0.50
1838, 0.49
1839, 0.41
1840, 0.38
1841, 0.45
1842, 0.44
1843, 0.43
1844, 0.49
1845, 0.48
1846, 0.45
1847, 0.49
1848, 0.48
1849, 0.45
1850, 0.47
1851, 0.49
1852, 0.50
1853, 0.49
1854, 0.54
1855, 0.49
1856, 0.51
1857, 0.30
1858, 0.40
1859, 0.48
1860, 0.32
1861, 0.43
1862, 0.59
1863, 0.36
1864, 0.52
1865, 0.51
1866, 0.53
1867, 0.47
1868, 0.39
1869, 0.51
1870, 0.43
1871, 0.49
1872, 0.50
1873, 0.50
1874, 0.43
1875, 0.50
1876, 0.66
1877, 0.49
1878, 0.47
1879, 0.65
1880, 0.73
1881, 0.58
1882, 0.53
1883, 0.40
1884, 0.49
1885, 0.35
1886, 0.39
1887, 0.37
1888, 0.40
1889, 0.51
1890, 0.44
1891, 0.51
1892, 0.73
1893, 0.50
1894, 0.42
1895, 0.57
1896, 0.49
1897, 0.43
1898, 0.38
1899, 0.67
1900, 0.43
1901, 0.45
1902, 0.67
1903, 0.53
1904, 0.44
1905, 0.57
1906, 0.51
1907, 0.69
1908, 0.47
1909, 0.54
1910, 0.46
1911, 0.46
1912, 0.66
1913, 0.50
1914, 0.44
1915, 0.37
1916, 0.51
1917, 0.53
1918, 0.45
1919, 0.63
1920, 0.44
1921, 0.71
1922, 0.54
1923, 0.45
1924, 0.72
1925, 0.43
1926, 0.44
1927, 0.53
1928, 0.46
1929, 0.49
1930, 0.34
1931, 0.47
1932, 0.43
1933, 0.52
1934, 0.50
1935, 0.45
1936, 0.49
1937, 0.41
1938, 0.48
1939, 0.51
1940, 0.52
1941, 0.52
1942, 0.53
1943, 0.50
1944, 0.73
1945, 0.44
1946, 0.57
1947, 0.43
1948, 0.49
1949, 0.65
1950, 0.43
1951, 0.46
1952, 0.49
1953, 0.60
1954, 0.46
1955, 0.49
1956, 0.51
1957, 0.44
1958, 0.51
1959, 0.54
1960, 0.40
1961, 0.74
1962, 0.52
1963, 0.51
1964, 0.57
1965, 0.49
1966, 0.43
1967, 0.48
1968, 0.34
1969, 0.53
1970, 0.66
1971, 0.52
1972, 0.48
1973, 0.48
1974, 0.50
1975, 0.52
1976, 0.41
1977, 0.48
1978, 0.46
1979, 0.49
1980, 0.51
1981, 0.53
1982, 0.48
1983, 0.48
1984, 0.51
1985, 0.44
1986, 0.67
1987, 0.50
1988, 0.50
1989, 0.54
1990, 0.48
1991, 0.50
1992, 0.54
1993, 0.45
1994, 0.49
1995, 0.44
1996, 0.51
1997, 0.46
1998, 0.56
1999, 0.45
2000, 0.51
2001, 0.37
2002, 0.50
2003, 0.43
2004, 0.65
2005, 0.65
2006, 0.49
2007, 0.58
2008, 0.46
2009, 0.51
2010, 0.75
2011, 0.53
2012, 0.47
2013, 0.51
2014, 0.56
2015, 0.55
2016, 0.51
2017, 0.36
2018, 0.57
2019, 0.46
2020, 0.43
2021, 0.50
2022, 0.49
2023, 0.37
2024, 0.39
2025, 0.47
2026, 0.49
2027, 0.66
2028, 0.53
2029, 0.71
2030, 0.40
2031, 0.51
2032, 0.45
2033, 0.46
2034, 0.48
2035, 0.43
2036, 0.49
2037, 0.35
2038, 0.49
2039, 0.44
2040, 0.40
2041, 0.37
2042, 0.50
2043, 0.51
2044, 0.44
2045, 0.47
2046, 0.66
2047, 0.49
2048, 0.48
2049, 0.48
2050, 0.36
2051, 0.40
2052, 0.41
2053, 0.53
2054, 0.47
2055, 0.50
2056, 0.48
2057, 0.46
2058, 0.44
2059, 0.53
2060, 0.41
2061, 0.49
2062, 0.36
2063, 0.53
2064, 0.46
2065, 0.68
2066, 0.32
2067, 0.50
2068, 0.35
2069, 0.37
2070, 0.48
2071, 0.47
2072, 0.35
2073, 0.53
2074, 0.42
2075, 0.44
2076, 0.53
2077, 0.47
2078, 0.51
2079, 0.47
2080, 0.59
2081, 0.66
2082, 0.53
2083, 0.37
2084, 0.53
2085, 0.31
2086, 0.42
2087, 0.66
2088, 0.49
2089, 0.46
2090, 0.53
2091, 0.49
2092, 0.55
2093, 0.51
2094, 0.38
2095, 0.46
2096, 0.51
2097, 0.35
2098, 0.41
2099, 0.47
2100, 0.33
2101, 0.50
2102, 0.47
2103, 0.50
2104, 0.38
2105, 0.58
2106, 0.58
2107, 0.66
2108, 0.44
2109, 0.55
2110, 0.62
2111, 0.53
2112, 0.44
2113, 0.44
2114, 0.39
2115, 0.63
2116, 0.46
2117, 0.51
2118, 0.32
2119, 0.48
2120, 0.46
2121, 0.35
2122, 0.48
2123, 0.45
2124, 0.45
2125, 0.53
2126, 0.51
2127, 0.50
2128, 0.49
2129, 0.51
2130, 0.53
2131, 0.46
2132, 0.48
2133, 0.74
2134, 0.71
2135, 0.53
2136, 0.55
2137, 0.68
2138, 0.52
2139, 0.46
2140, 0.45
2141, 0.72
2142, 0.43
2143, 0.60
2144, 0.49
2145, 0.52
2146, 0.47
2147, 0.53
2148, 0.53
2149, 0.46
2150, 0.37
2151, 0.59
2152, 0.54
2153, 0.49
2154, 0.67
2155, 0.57
2156, 0.45
2157, 0.51
2158, 0.51
2159, 0.40
2160, 0.58
2161, 0.58
2162, 0.55
2163, 0.31
2164, 0.38
2165, 0.49
2166, 0.58
2167, 0.51
2168, 0.63
2169, 0.51
2170, 0.38
2171, 0.47
2172, 0.46
2173, 0.51
2174, 0.52
2175, 0.48
2176, 0.52
2177, 0.51
2178, 0.49
2179, 0.52
2180, 0.49
2181, 0.53
2182, 0.68
2183, 0.50
2184, 0.43
2185, 0.49
2186, 0.53
2187, 0.39
2188, 0.53
2189, 0.45
2190, 0.40
2191, 0.46
2192, 0.42
2193, 0.73
2194, 0.46
2195, 0.44
2196, 0.59
2197, 0.35
2198, 0.49
2199, 0.46
2200, 0.47
2201, 0.49
2202, 0.67
2203, 0.63
2204, 0.57
2205, 0.39
2206, 0.38
2207, 0.45
2208, 0.38
2209, 0.31
2210, 0.69
2211, 0.39
2212, 0.53
2213, 0.50
2214, 0.46
2215, 0.47
2216, 0.35
2217, 0.73
2218, 0.46
2219, 0.49
2220, 0.51
2221, 0.51
2222, 0.50
2223, 0.43
2224, 0.34
2225, 0.50
2226, 0.45
2227, 0.53
2228, 0.42
2229, 0.46
2230, 0.50
2231, 0.52
2232, 0.64
2233, 0.52
2234, 0.48
2235, 0.52
2236, 0.38
2237, 0.49
2238, 0.40
2239, 0.46
2240, 0.52
2241, 0.54
2242, 0.51
2243, 0.65
2244, 0.35
2245, 0.52
2246, 0.52
2247, 0.40
2248, 0.38
2249, 0.50
2250, 0.48
2251, 0.52
2252, 0.48
2253, 0.47
2254, 0.39
2255, 0.62
2256, 0.36
2257, 0.43
2258, 0.44
2259, 0.36
2260, 0.56
2261, 0.71
2262, 0.50
2263, 0.38
2264, 0.39
2265, 0.39
2266, 0.53
2267, 0.38
2268, 0.74
2269, 0.53
2270, 0.41
2271, 0.51
2272, 0.55
2273, 0.49
2274, 0.37
2275, 0.46
2276, 0.51
2277, 0.46
2278, 0.50
2279, 0.30
2280, 0.55
2281, 0.50
2282, 0.44
2283, 0.48
2284, 0.49
2285, 0.51
2286, 0.43
2287, 0.44
2288, 0.51
2289, 0.54
2290, 0.72
2291, 0.47
2292, 0.64
2293, 0.75
2294, 0.50
2295, 0.54
2296, 0.57
2297, 0.51
2298, 0.46
2299, 0.37
2300, 0.68
2301, 0.38
2302, 0.30
2303, 0.46
2304, 0.41
2305, 0.43
2306, 0.37
2307, 0.55
2308, 0.49
2309, 0.58
2310, 0.50
2311, 0.51
2312, 0.45
2313, 0.44
2314, 0.45
2315, 0.47
2316, 0.40
2317, 0.42
2318, 0.56
2319, 0.46
2320, 0.46
2321, 0.53
2322, 0.37
2323, 0.47
2324, 0.42
2325, 0.49
2326, 0.31
2327, 0.36
2328, 0.42
2329, 0.41
2330, 0.51
2331, 0.47
2332, 0.50
2333, 0.64
2334, 0.35
2335, 0.46
2336, 0.68
2337, 0.40
2338, 0.51
2339, 0.53
2340, 0.51
2341, 0.53
2342, 0.40
2343, 0.65
2344, 0.48
2345, 0.49
2346, 0.52
2347, 0.51
2348, 0.48
2349, 0.44
2350, 0.45
2351, 0.68
2352, 0.52
2353, 0.48
2354, 0.54
2355, 0.45
2356, 0.34
2357, 0.66
2358, 0.46
2359, 0.34
2360, 0.46
2361, 0.69
2362, 0.51
2363, 0.73
2364, 0.46
2365, 0.56
2366, 0.44
2367, 0.42
2368, 0.50
2369, 0.44
2370, 0.50
2371, 0.52
2372, 0.55
2373, 0.47
2374, 0.45
2375, 0.49
2376, 0.51
2377, 0.47
2378, 0.52
2379, 0.50
2380, 0.49
2381, 0.34
2382, 0.45
2383, 0.48
2384, 0.46
2385, 0.63
2386, 0.49
2387, 0.73
2388, 0.46
2389, 0.56
2390, 0.47
2391, 0.50
2392, 0.58
2393, 0.44
2394, 0.43
2395, 0.50
2396, 0.39
2397, 0.46
2398, 0.74
2399, 0.36
2400, 0.49
2401, 0.46
2402, 0.52
2403, 0.45
2404, 0.46
2405, 0.49
2406, 0.46
2407, 0.51
2408, 0.66
2409, 0.44
2410, 0.51
2411, 0.52
2412, 0.42
2413, 0.51
2414, 0.48
2415, 0.35
2416, 0.53
2417, 0.42
2418, 0.51
2419, 0.74
2420, 0.50
2421, 0.70
2422, 0.51
2423, 0.51
2424, 0.55
2425, 0.52
2426, 0.45
2427, 0.51
2428, 0.47
2429, 0.50
2430, 0.51
2431, 0.49
2432, 0.60
2433, 0.63
2434, 0.48
2435, 0.51
2436, 0.44
2437, 0.45
2438, 0.47
2439, 0.43
2440, 0.35
2441, 0.41
2442, 0.49
2443, 0.50
2444, 0.37
2445, 0.45
2446, 0.50
2447, 0.47
2448, 0.49
2449, 0.58
2450, 0.52
2451, 0.45
2452, 0.42
2453, 0.41
2454, 0.46
2455, 0.49
2456, 0.62
2457, 0.53
2458, 0.47
2459, 0.44
2460, 0.56
2461, 0.74
2462, 0.46
2463, 0.68
2464, 0.52
2465, 0.43
2466, 0.34
2467, 0.55
2468, 0.50
2469, 0.38
2470, 0.39
2471, 0.48
2472, 0.47
2473, 0.52
2474, 0.51
2475, 0.50
2476, 0.53
2477, 0.51
2478, 0.36
2479, 0.68
2480, 0.52
2481, 0.47
2482, 0.69
2483, 0.48
2484, 0.56
2485, 0.45
2486, 0.51
2487, 0.50
2488, 0.53
2489, 0.51
2490, 0.48
2491, 0.41
2492, 0.47
2493, 0.46
2494, 0.52
2495, 0.41
2496, 0.49
2497, 0.52
2498, 0.66
2499, 0.46
2500, 0.50
2501, 0.46
2502, 0.32
2503, 0.37
2504, 0.47
2505, 0.50
2506, 0.54
2507, 0.50
2508, 0.42
2509, 0.39
2510, 0.50
2511, 0.47
2512, 0.46
2513, 0.71
2514, 0.72
2515, 0.44
2516, 0.72
2517, 0.46
2518, 0.50
2519, 0.43
2520, 0.48
2521, 0.42
2522, 0.41
2523, 0.48
2524, 0.46
2525, 0.50
2526, 0.30
2527, 0.53
2528, 0.45
2529, 0.56
2530, 0.47
2531, 0.53
2532, 0.45
2533, 0.46
2534, 0.48
2535, 0.44
2536, 0.49
2537, 0.55
2538, 0.53
2539, 0.57
2540, 0.46
2541, 0.47
2542, 0.40
2543, 0.56
2544, 0.51
2545, 0.52
2546, 0.39
2547, 0.52
2548, 0.52
2549, 0.47
2550, 0.67
2551, 0.49
2552, 0.53
2553, 0.56
2554, 0.50
2555, 0.50
2556, 0.38
2557, 0.47
2558, 0.51
2559, 0.47
2560, 0.48
2561, 0.35
2562, 0.68
2563, 0.66
2564, 0.40
2565, 0.50
2566, 0.46
2567, 0.48
2568, 0.44
2569, 0.69
2570, 0.48
2571, 0.46
2572, 0.48
2573, 0.65
2574, 0.47
2575, 0.50
2576, 0.60
2577, 0.44
2578, 0.51
2579, 0.48
2580, 0.45
2581, 0.49
2582, 0.48
2583, 0.51
2584, 0.47
2585, 0.43
2586, 0.53
2587, 0.50
2588, 0.38
2589, 0.41
2590, 0.45
2591, 0.51
2592, 0.60
2593, 0.49
2594, 0.50
2595, 0.55
2596, 0.31
2597, 0.51
2598, 0.45
2599, 0.36
2600, 0.52
2601, 0.43
2602, 0.48
2603, 0.49
2604, 0.42
2605, 0.49
2606, 0.65
2607, 0.49
2608, 0.52
2609, 0.49
2610, 0.40
2611, 0.46
2612, 0.46
2613, 0.49
2614, 0.44
2615, 0.49
2616, 0.52
2617, 0.48
2618, 0.51
2619, 0.39
2620, 0.52
2621, 0.48
2622, 0.62
2623, 0.49
2624, 0.36
2625, 0.46
2626, 0.47
2627, 0.68
2628, 0.57
2629, 0.46
2630, 0.50
2631, 0.51
2632, 0.55
2633, 0.70
2634, 0.53
2635, 0.44
2636, 0.43
2637, 0.43
2638, 0.41
2639, 0.54
2640, 0.50
2641, 0.46
2642, 0.54
2643, 0.51
2644, 0.40
2645, 0.49
2646, 0.43
2647, 0.50
2648, 0.48
2649, 0.52
2650, 0.53
2651, 0.38
2652, 0.53
2653, 0.37
2654, 0.57
2655, 0.49
2656, 0.61
2657, 0.69
2658, 0.54
2659, 0.44
2660, 0.53
2661, 0.50
2662, 0.70
2663, 0.46
2664, 0.45
2665, 0.50
2666, 0.50
2667, 0.34
2668, 0.51
2669, 0.39
2670, 0.51
2671, 0.70
2672, 0.39
2673, 0.46
2674, 0.47
2675, 0.39
2676, 0.43
2677, 0.50
2678, 0.63
2679, 0.48
2680, 0.50
2681, 0.67
2682, 0.51
2683, 0.65
2684, 0.49
2685, 0.38
2686, 0.56
2687, 0.51
2688, 0.34
2689, 0.50
2690, 0.47
2691, 0.46
2692, 0.49
2693, 0.40
2694, 0.53
2695, 0.49
2696, 0.46
2697, 0.50
2698, 0.52
2699, 0.49
2700, 0.48
2701, 0.37
2702, 0.50
2703, 0.51
2704, 0.45
2705, 0.47
2706, 0.67
2707, 0.38
2708, 0.55
2709, 0.57
2710, 0.59
2711, 0.42
2712, 0.64
2713, 0.51
2714, 0.44
2715, 0.45
2716, 0.47
2717, 0.32
2718, 0.49
2719, 0.50
2720, 0.52
2721, 0.47
2722, 0.52
2723, 0.58
2724, 0.50
2725, 0.43
2726, 0.51
2727, 0.52
2728, 0.49
2729, 0.52
2730, 0.51
2731, 0.49
2732, 0.56
2733, 0.38
2734, 0.51
2735, 0.49
2736, 0.47
2737, 0.48
2738, 0.48
2739, 0.39
2740, 0.49
2741, 0.63
2742, 0.67
2743, 0.61
2744, 0.39
2745, 0.51
2746, 0.47
2747, 0.48
2748, 0.54
2749, 0.44
2750, 0.52
2751, 0.46
2752, 0.47
2753, 0.58
2754, 0.64
2755, 0.73
2756, 0.35
2757, 0.50
2758, 0.70
2759, 0.50
2760, 0.51
2761, 0.47
2762, 0.52
2763, 0.44
2764, 0.46
2765, 0.53
2766, 0.38
2767, 0.53
2768, 0.50
2769, 0.44
2770, 0.43
2771, 0.52
2772, 0.46
2773, 0.51
2774, 0.50
2775, 0.42
2776, 0.61
2777, 0.57
2778, 0.53
2779, 0.40
2780, 0.48
2781, 0.54
2782, 0.36
2783, 0.52
2784, 0.63
2785, 0.45
2786, 0.69
2787, 0.56
2788, 0.48
2789, 0.52
2790, 0.47
2791, 0.52
2792, 0.70
2793, 0.48
2794, 0.50
2795, 0.53
2796, 0.51
2797, 0.50
2798, 0.51
2799, 0.47
2800, 0.48
2801, 0.38
2802, 0.47
2803, 0.52
2804, 0.41
2805, 0.54
2806, 0.36
2807, 0.49
2808, 0.49
2809, 0.48
2810, 0.42
2811, 0.40
2812, 0.39
2813, 0.48
2814, 0.52
2815, 0.58
2816, 0.49
2817, 0.46
2818, 0.36
2819, 0.45
2820, 0.69
2821, 0.53
2822, 0.44
2823, 0.35
2824, 0.41
2825, 0.40
2826, 0.69
2827, 0.46
2828, 0.39
2829, 0.50
2830, 0.38
2831, 0.49
2832, 0.48
2833, 0.49
2834, 0.70
2835, 0.50
2836, 0.37
2837, 0.61
2838, 0.52
2839, 0.53
2840, 0.50
2841, 0.36
2842, 0.49
2843, 0.54
2844, 0.44
2845, 0.55
2846, 0.46
2847, 0.39
2848, 0.57
2849, 0.49
2850, 0.54
2851, 0.55
2852, 0.44
2853, 0.55
2854, 0.50
2855, 0.45
2856, 0.37
2857, 0.63
2858, 0.46
2859, 0.45
2860, 0.39
2861, 0.36
2862, 0.50
2863, 0.42
2864, 0.53
2865, 0.53
2866, 0.51
2867, 0.42
2868, 0.55
2869, 0.44
2870, 0.41
2871, 0.31
2872, 0.50
2873, 0.49
2874, 0.49
2875, 0.50
2876, 0.41
2877, 0.44
2878, 0.55
2879, 0.49
2880, 0.60
2881, 0.52
2882, 0.68
2883, 0.63
2884, 0.70
2885, 0.43
2886, 0.51
2887, 0.51
2888, 0.42
2889, 0.52
2890, 0.53
2891, 0.52
2892, 0.51
2893, 0.51
2894, 0.38
2895, 0.50
2896, 0.74
2897, 0.34
2898, 0.70
2899, 0.53
2900, 0.42
2901, 0.47
2902, 0.75
2903, 0.68
2904, 0.45
2905, 0.46
2906, 0.49
2907, 0.53
2908, 0.46
2909, 0.43
2910, 0.74
2911, 0.52
2912, 0.39
2913, 0.50
2914, 0.45
2915, 0.63
2916, 0.37
2917, 0.37
2918, 0.43
2919, 0.47
2920, 0.42
2921, 0.66
2922, 0.52
2923, 0.43
2924, 0.51
2925, 0.49
2926, 0.36
2927, 0.50
2928, 0.49
2929, 0.49
2930, 0.48
2931, 0.53
2932, 0.44
2933, 0.50
2934, 0.50
2935, 0.45
2936, 0.49
2937, 0.49
2938, 0.59
2939, 0.33
2940, 0.50
2941, 0.46
2942, 0.47
2943, 0.58
2944, 0.44
2945, 0.31
2946, 0.57
2947, 0.45
2948, 0.69
2949, 0.73
2950, 0.30
2951, 0.52
2952, 0.47
2953, 0.53
2954, 0.73
2955, 0.52
2956, 0.50
2957, 0.70
2958, 0.44
2959, 0.35
2960, 0.51
2961, 0.49
2962, 0.51
2963, 0.50
2964, 0.50
2965, 0.47
2966, 0.48
2967, 0.50
2968, 0.43
2969, 0.52
2970, 0.41
2971, 0.39
2972, 0.45
2973, 0.66
2974, 0.58
2975, 0.43
2976, 0.57
2977, 0.55
2978, 0.49
2979, 0.44
2980, 0.49
2981, 0.51
2982, 0.47
2983, 0.43
2984, 0.48
2985, 0.59
2986, 0.51
2987, 0.38
2988, 0.48
2989, 0.31
2990, 0.52
2991, 0.47
2992, 0.59
2993, 0.48
2994, 0.52
2995, 0.49
2996, 0.44
2997, 0.47
2998, 0.49
2999, 0.52
3000, 0.47
3001, 0.48
3002, 0.52
3003, 0.67
3004, 0.63
3005, 0.55
3006, 0.38
3007, 0.53
3008, 0.49
3009, 0.38
3010, 0.46
3011, 0.49
3012, 0.45
3013, 0.38
3014, 0.50
3015, 0.51
3016, 0.33
3017, 0.44
3018, 0.51
3019, 0.51
3020, 0.51
3021, 0.53
3022, 0.51
3023, 0.53
3024, 0.51
3025, 0.49
3026, 0.45
3027, 0.47
3028, 0.46
3029, 0.47
3030, 0.48
3031, 0.45
3032, 0.45
3033, 0.50
3034, 0.48
3035, 0.49
3036, 0.53
3037, 0.42
3038, 0.51
3039, 0.53
3040, 0.52
3041, 0.36
3042, 0.35
3043, 0.44
3044, 0.53
3045, 0.56
3046, 0.52
3047, 0.33
3048, 0.44
3049, 0.44
3050, 0.46
3051, 0.49
3052, 0.59
3053, 0.46
3054, 0.42
3055, 0.34
3056, 0.37
3057, 0.41
3058, 0.52
3059, 0.45
3060, 0.48
3061, 0.50
3062, 0.41
3063, 0.46
3064, 0.30
3065, 0.47
3066, 0.48
3067, 0.52
3068, 0.52
3069, 0.51
3070, 0.52
3071, 0.43
3072, 0.59
3073, 0.48
3074, 0.49
3075, 0.43
3076, 0.46
3077, 0.44
3078, 0.47
3079, 0.47
3080, 0.49
3081, 0.68
3082, 0.73
3083, 0.34
3084, 0.51
3085, 0.48
3086, 0.51
3087, 0.51
3088, 0.50
3089, 0.70
3090, 0.49
3091, 0.53
3092, 0.38
3093, 0.47
3094, 0.65
3095, 0.51
3096, 0.44
3097, 0.49
3098, 0.49
3099, 0.50
3100, 0.69
3101, 0.46
3102, 0.47
3103, 0.44
3104, 0.39
3105, 0.38
3106, 0.43
3107, 0.46
3108, 0.46
3109, 0.40
3110, 0.74
3111, 0.48
3112, 0.52
3113, 0.57
3114, 0.48
3115, 0.50
3116, 0.45
3117, 0.51
3118, 0.42
3119, 0.46
3120, 0.43
3121, 0.49
3122, 0.43
3123, 0.47
3124, 0.72
3125, 0.51
3126, 0.50
3127, 0.48
3128, 0.46
3129, 0.53
3130, 0.60
3131, 0.38
3132, 0.49
3133, 0.61
3134, 0.51
3135, 0.56
3136, 0.49
3137, 0.53
3138, 0.52
3139, 0.41
3140, 0.45
3141, 0.48
3142, 0.64
3143, 0.52
3144, 0.54
3145, 0.38
3146, 0.52
3147, 0.43
3148, 0.53
3149, 0.50
3150, 0.50
3151, 0.45
3152, 0.49
3153, 0.46
3154, 0.61
3155, 0.40
3156, 0.51
3157, 0.53
3158, 0.49
3159, 0.69
3160, 0.68
3161, 0.36
3162, 0.53
3163, 0.55
3164, 0.73
3165, 0.53
3166, 0.53
3167, 0.42
3168, 0.54
3169, 0.54
3170, 0.51
3171, 0.45
3172, 0.50
3173, 0.73
3174, 0.41
3175, 0.47
3176, 0.52
3177, 0.47
3178, 0.49
3179, 0.42
3180, 0.35
3181, 0.51
3182, 0.51
3183, 0.50
3184, 0.50
3185, 0.45
3186, 0.37
3187, 0.48
3188, 0.48
3189, 0.48
3190, 0.52
3191, 0.68
3192, 0.50
3193, 0.45
3194, 0.73
3195, 0.40
3196, 0.47
3197, 0.45
3198, 0.44
3199, 0.42
3200, 0.53
3201, 0.49
3202, 0.48
3203, 0.48
3204, 0.70
3205, 0.52
3206, 0.53
3207, 0.74
3208, 0.45
3209, 0.48
3210, 0.46
3211, 0.70
3212, 0.66
3213, 0.39
3214, 0.45
3215, 0.47
3216, 0.34
3217, 0.49
3218, 0.54
3219, 0.49
3220, 0.45
3221, 0.40
3222, 0.65
3223, 0.50
3224, 0.46
3225, 0.49
3226, 0.51
3227, 0.51
3228, 0.45
3229, 0.49
3230, 0.45
3231, 0.49
3232, 0.69
3233, 0.51
3234, 0.52
3235, 0.48
3236, 0.52
3237, 0.48
3238, 0.52
3239, 0.50
3240, 0.40
3241, 0.43
3242, 0.42
3243, 0.37
3244, 0.41
3245, 0.48
3246, 0.53
3247, 0.70
3248, 0.49
3249, 0.52
3250, 0.38
3251, 0.53
3252, 0.68
3253, 0.49
3254, 0.75
3255, 0.50
3256, 0.44
3257, 0.47
3258, 0.65
3259, 0.46
3260, 0.34
3261, 0.31
3262, 0.46
3263, 0.49
3264, 0.41
3265, 0.53
3266, 0.52
3267, 0.35
3268, 0.52
3269, 0.58
3270, 0.51
3271, 0.42
3272, 0.43
3273, 0.47
3274, 0.73
3275, 0.69
3276, 0.45
3277, 0.42
3278, 0.43
3279, 0.62
3280, 0.54
3281, 0.40
3282, 0.54
3283, 0.35
3284, 0.52
3285, 0.50
3286, 0.76
3287, 0.50
3288, 0.39
3289, 0.51
3290, 0.39
3291, 0.70
3292, 0.71
3293, 0.52
3294, 0.43
3295, 0.39
3296, 0.49
3297, 0.49
3298, 0.46
3299, 0.50
3300, 0.51
3301, 0.49
3302, 0.44
3303, 0.48
3304, 0.51
3305, 0.37
3306, 0.38
3307, 0.52
3308, 0.47
3309, 0.49
3310, 0.74
3311, 0.47
3312, 0.51
3313, 0.73
3314, 0.54
3315, 0.51
3316, 0.46
3317, 0.52
3318, 0.55
3319, 0.39
3320, 0.51
3321, 0.48
3322, 0.49
3323, 0.47
3324, 0.51
3325, 0.37
3326, 0.42
3327, 0.35
3328, 0.48
3329, 0.34
3330, 0.48
3331, 0.50
3332, 0.47
3333, 0.37
3334, 0.48
3335, 0.63
3336, 0.43
3337, 0.43
3338, 0.41
3339, 0.57
3340, 0.60
3341, 0.46
3342, 0.50
3343, 0.40
3344, 0.47
3345, 0.56
3346, 0.52
3347, 0.52
3348, 0.43
3349, 0.49
3350, 0.37
3351, 0.49
3352, 0.31
3353, 0.38
3354, 0.37
3355, 0.38
3356, 0.59
3357, 0.44
3358, 0.36
3359, 0.49
3360, 0.51
3361, 0.64
3362, 0.48
3363, 0.35
3364, 0.45
3365, 0.52
3366, 0.52
3367, 0.44
3368, 0.39
3369, 0.56
3370, 0.52
3371, 0.48
3372, 0.50
3373, 0.53
3374, 0.54
3375, 0.52
3376, 0.37
3377, 0.44
3378, 0.47
3379, 0.47
3380, 0.40
3381, 0.44
3382, 0.45
3383, 0.51
3384, 0.31
3385, 0.48
3386, 0.71
3387, 0.51
3388, 0.47
3389, 0.51
3390, 0.44
3391, 0.51
3392, 0.51
3393, 0.37
3394, 0.35
3395, 0.52
3396, 0.68
3397, 0.47
3398, 0.40
3399, 0.52
3400, 0.71
3401, 0.40
3402, 0.60
3403, 0.49
3404, 0.51
3405, 0.43
3406, 0.52
3407, 0.38
3408, 0.37
3409, 0.36
3410, 0.48
3411, 0.48
3412, 0.59
3413, 0.57
3414, 0.73
3415, 0.50
3416, 0.43
3417, 0.62
3418, 0.52
3419, 0.41
3420, 0.42
3421, 0.41
3422, 0.56
3423, 0.45
3424, 0.46
3425, 0.76
3426, 0.52
3427, 0.50
3428, 0.53
3429, 0.56
3430, 0.47
3431, 0.60
3432, 0.39
3433, 0.47
3434, 0.39
3435, 0.48
3436, 0.51
3437, 0.73
3438, 0.34
3439, 0.50
3440, 0.47
3441, 0.45
3442, 0.40
3443, 0.33
3444, 0.44
3445, 0.52
3446, 0.58
3447, 0.57
3448, 0.48
3449, 0.42
3450, 0.38
3451, 0.50
3452, 0.43
3453, 0.49
3454, 0.74
3455, 0.47
3456, 0.32
3457, 0.57
3458, 0.51
3459, 0.47
3460, 0.52
3461, 0.43
3462, 0.44
3463, 0.70
3464, 0.53
3465, 0.38
3466, 0.46
3467, 0.46
3468, 0.38
3469, 0.51
3470, 0.38
3471, 0.50
3472, 0.46
3473, 0.48
3474, 0.51
3475, 0.57
3476, 0.50
3477, 0.38
3478, 0.52
3479, 0.53
3480, 0.50
3481, 0.44
3482, 0.45
3483, 0.49
3484, 0.50
3485, 0.71
3486, 0.53
3487, 0.51
3488, 0.49
3489, 0.53
3490, 0.61
3491, 0.50
3492, 0.66
3493, 0.49
3494, 0.37
3495, 0.47
3496, 0.47
3497, 0.50
3498, 0.45
3499, 0.48
3500, 0.35
3501, 0.52
3502, 0.49
3503, 0.45
3504, 0.35
3505, 0.52
3506, 0.45
3507, 0.36
3508, 0.53
3509, 0.48
3510, 0.52
3511, 0.51
3512, 0.44
3513, 0.53
3514, 0.54
3515, 0.33
3516, 0.60
3517, 0.50
3518, 0.43
3519, 0.49
3520, 0.53
3521, 0.49
3522, 0.42
3523, 0.51
3524, 0.48
3525, 0.72
3526, 0.49
3527, 0.44
3528, 0.59
3529, 0.45
3530, 0.45
3531, 0.48
3532, 0.46
3533, 0.51
3534, 0.42
3535, 0.49
3536, 0.38
3537, 0.43
3538, 0.49
3539, 0.46
3540, 0.48
3541, 0.70
3542, 0.42
3543, 0.53
3544, 0.36
3545, 0.44
3546, 0.51
3547, 0.51
3548, 0.50
3549, 0.31
3550, 0.50
3551, 0.50
3552, 0.50
3553, 0.48
3554, 0.71
3555, 0.42
3556, 0.51
3557, 0.31
3558, 0.47
3559, 0.50
3560, 0.45
3561, 0.68
3562, 0.36
3563, 0.35
3564, 0.40
3565, 0.49
3566, 0.50
3567, 0.49
3568, 0.39
3569, 0.70
3570, 0.50
3571, 0.54
3572, 0.37
3573, 0.52
3574, 0.67
3575, 0.43
3576, 0.43
3577, 0.35
3578, 0.47
3579, 0.43
3580, 0.46
3581, 0.56
3582, 0.47
3583, 0.53
3584, 0.51
3585, 0.50
3586, 0.68
3587, 0.41
3588, 0.37
3589, 0.50
3590, 0.36
3591, 0.51
3592, 0.51
3593, 0.43
3594, 0.35
3595, 0.62
3596, 0.44
3597, 0.46
3598, 0.45
3599, 0.49
3600, 0.44
3601, 0.36
3602, 0.37
3603, 0.70
3604, 0.47
3605, 0.46
3606, 0.51
3607, 0.43
3608, 0.46
3609, 0.50
3610, 0.39
3611, 0.53
3612, 0.50
3613, 0.46
3614, 0.46
3615, 0.44
3616, 0.67
3617, 0.52
3618, 0.56
3619, 0.48
3620, 0.52
3621, 0.39
3622, 0.46
3623, 0.72
3624, 0.50
3625, 0.67
3626, 0.44
3627, 0.53
3628, 0.39
3629, 0.50
3630, 0.46
3631, 0.68
3632, 0.53
3633, 0.48
3634, 0.52
3635, 0.51
3636, 0.50
3637, 0.49
3638, 0.51
3639, 0.42
3640, 0.49
3641, 0.49
3642, 0.51
3643, 0.73
3644, 0.57
3645, 0.38
3646, 0.69
3647, 0.49
3648, 0.48
3649, 0.49
3650, 0.43
3651, 0.46
3652, 0.45
3653, 0.70
3654, 0.50
3655, 0.67
3656, 0.46
3657, 0.41
3658, 0.52
3659, 0.48
3660, 0.78
3661, 0.54
3662, 0.42
3663, 0.57
3664, 0.48
3665, 0.44
3666, 0.53
3667, 0.49
3668, 0.49
3669, 0.47
3670, 0.39
3671, 0.46
3672, 0.54
3673, 0.49
3674, 0.51
3675, 0.54
3676, 0.33
3677, 0.51
3678, 0.50
3679, 0.44
3680, 0.45
3681, 0.58
3682, 0.30
3683, 0.51
3684, 0.51
3685, 0.53
3686, 0.50
3687, 0.49
3688, 0.44
3689, 0.50
3690, 0.47
3691, 0.41
3692, 0.48
3693, 0.48
3694, 0.71
3695, 0.44
3696, 0.49
3697, 0.51
3698, 0.47
3699, 0.46
3700, 0.67
3701, 0.53
3702, 0.49
3703, 0.46
3704, 0.54
3705, 0.67
3706, 0.43
3707, 0.46
3708, 0.49
3709, 0.41
3710, 0.34
3711, 0.51
3712, 0.47
3713, 0.47
3714, 0.45
3715, 0.52
3716, 0.48
3717, 0.54
3718, 0.35
3719, 0.52
3720, 0.47
3721, 0.67
3722, 0.53
3723, 0.49
3724, 0.49
3725, 0.40
3726, 0.45
3727, 0.71
3728, 0.50
3729, 0.45
3730, 0.50
3731, 0.52
3732, 0.48
3733, 0.52
3734, 0.56
3735, 0.52
3736, 0.45
3737, 0.48
3738, 0.49
3739, 0.48
3740, 0.59
3741, 0.30
3742, 0.38
3743, 0.50
3744, 0.49
3745, 0.66
3746, 0.52
3747, 0.74
3748, 0.45
3749, 0.49
3750, 0.58
3751, 0.50
3752, 0.53
3753, 0.53
3754, 0.66
3755, 0.51
3756, 0.41
3757, 0.45
3758, 0.70
3759, 0.44
3760, 0.30
3761, 0.37
3762, 0.53
3763, 0.55
3764, 0.36
3765, 0.53
3766, 0.45
3767, 0.44
3768, 0.47
3769, 0.69
3770, 0.49
3771, 0.40
3772, 0.41
3773, 0.50
3774, 0.49
3775, 0.49
3776, 0.52
3777, 0.56
3778, 0.45
3779, 0.53
3780, 0.49
3781, 0.47
3782, 0.57
3783, 0.52
3784, 0.47
3785, 0.46
3786, 0.57
3787, 0.47
3788, 0.53
3789, 0.51
3790, 0.49
3791, 0.46
3792, 0.48
3793, 0.51
3794, 0.38
3795, 0.51
3796, 0.51
3797, 0.50
3798, 0.70
3799, 0.48
3800, 0.66
3801, 0.52
3802, 0.50
3803, 0.66
3804, 0.52
3805, 0.48
3806, 0.44
3807, 0.51
3808, 0.54
3809, 0.53
3810, 0.45
3811, 0.48
3812, 0.45
3813, 0.41
3814, 0.51
3815, 0.66
3816, 0.39
3817, 0.44
3818, 0.37
3819, 0.43
3820, 0.48
3821, 0.50
3822, 0.43
3823, 0.47
3824, 0.47
3825, 0.39
3826, 0.46
3827, 0.45
3828, 0.72
3829, 0.44
3830, 0.40
3831, 0.46
3832, 0.32
3833, 0.57
3834, 0.62
3835, 0.41
3836, 0.69
3837, 0.52
3838, 0.42
3839, 0.43
3840, 0.37
3841, 0.47
3842, 0.51
3843, 0.74
3844, 0.43
3845, 0.32
3846, 0.49
3847, 0.50
3848, 0.35
3849, 0.55
3850, 0.43
3851, 0.46
3852, 0.47
3853, 0.44
3854, 0.45
3855, 0.55
3856, 0.49
3857, 0.63
3858, 0.57
3859, 0.51
3860, 0.51
3861, 0.64
3862, 0.32
3863, 0.55
3864, 0.39
3865, 0.50
3866, 0.52
3867, 0.53
3868, 0.43
3869, 0.50
3870, 0.50
3871, 0.51
3872, 0.38
3873, 0.70
3874, 0.51
3875, 0.72
3876, 0.50
3877, 0.45
3878, 0.51
3879, 0.47
3880, 0.49
3881, 0.44
3882, 0.50
3883, 0.46
3884, 0.51
3885, 0.42
3886, 0.43
3887, 0.43
3888, 0.48
3889, 0.54
3890, 0.47
3891, 0.51
3892, 0.43
3893, 0.56
3894, 0.49
3895, 0.49
3896, 0.48
3897, 0.46
3898, 0.50
3899, 0.48
3900, 0.49
3901, 0.55
3902, 0.51
3903, 0.44
3904, 0.69
3905, 0.48
3906, 0.46
3907, 0.50
3908, 0.70
3909, 0.53
3910, 0.51
3911, 0.37
3912, 0.45
3913, 0.50
3914, 0.45
3915, 0.49
3916, 0.40
3917, 0.44
3918, 0.52
3919, 0.51
3920, 0.46
3921, 0.50
3922, 0.50
3923, 0.52
3924, 0.42
3925, 0.51
3926, 0.42
3927, 0.49
3928, 0.66
3929, 0.61
3930, 0.38
3931, 0.51
3932, 0.58
3933, 0.44
3934, 0.51
3935, 0.44
3936, 0.52
3937, 0.51
3938, 0.47
3939, 0.51
3940, 0.58
3941, 0.38
3942, 0.48
3943, 0.49
3944, 0.73
3945, 0.54
3946, 0.47
3947, 0.51
3948, 0.35
3949, 0.55
3950, 0.48
3951, 0.52
3952, 0.73
3953, 0.45
3954, 0.54
3955, 0.31
3956, 0.41
3957, 0.49
3958, 0.49
3959, 0.65
3960, 0.38
3961, 0.53
3962, 0.49
3963, 0.51
3964, 0.48
3965, 0.50
3966, 0.51
3967, 0.49
3968, 0.44
3969, 0.43
3970, 0.50
3971, 0.44
3972, 0.57
3973, 0.49
3974, 0.42
3975, 0.51
3976, 0.51
3977, 0.55
3978, 0.72
3979, 0.40
3980, 0.35
3981, 0.51
3982, 0.47
3983, 0.71
3984, 0.47
3985, 0.56
3986, 0.46
3987, 0.37
3988, 0.64
3989, 0.53
3990, 0.37
3991, 0.51
3992, 0.52
3993, 0.51
3994, 0.51
3995, 0.39
3996, 0.38
3997, 0.41
3998, 0.50
3999, 0.47
4000, 0.46
4001, 0.39
4002, 0.54
4003, 0.71
4004, 0.42
4005, 0.51
4006, 0.42
4007, 0.51
4008, 0.53
4009, 0.59
4010, 0.44
4011, 0.59
4012, 0.39
4013, 0.53
4014, 0.32
4015, 0.61
4016, 0.42
4017, 0.35
4018, 0.50
4019, 0.53
4020, 0.50
4021, 0.50
4022, 0.49
4023, 0.54
4024, 0.40
4025, 0.57
4026, 0.53
4027, 0.48
4028, 0.51
4029, 0.75
4030, 0.52
4031, 0.35
4032, 0.52
4033, 0.51
4034, 0.46
4035, 0.45
4036, 0.52
4037, 0.51
4038, 0.50
4039, 0.43
4040, 0.56
4041, 0.52
4042, 0.47
4043, 0.51
4044, 0.54
4045, 0.39
4046, 0.57
4047, 0.42
4048, 0.52
4049, 0.47
4050, 0.49
4051, 0.47
4052, 0.43
4053, 0.33
4054, 0.48
4055, 0.45
4056, 0.50
4057, 0.58
4058, 0.71
4059, 0.48
4060, 0.45
4061, 0.40
4062, 0.45
4063, 0.35
4064, 0.48
4065, 0.50
4066, 0.68
4067, 0.43
4068, 0.72
4069, 0.56
4070, 0.33
4071, 0.70
4072, 0.51
4073, 0.62
4074, 0.53
4075, 0.53
4076, 0.38
4077, 0.46
4078, 0.67
4079, 0.52
4080, 0.47
4081, 0.49
4082, 0.53
4083, 0.47
4084, 0.51
4085, 0.51
4086, 0.47
4087, 0.45
4088, 0.37
4089, 0.52
4090, 0.54
4091, 0.67
4092, 0.68
4093, 0.53
4094, 0.52
4095, 0.46
4096, 0.50
4097, 0.46
4098, 0.51
4099, 0.36
4100, 0.41
4101, 0.38
4102, 0.52
4103, 0.37
4104, 0.37
4105, 0.42
4106, 0.59
4107, 0.50
4108, 0.71
4109, 0.42
4110, 0.72
4111, 0.59
4112, 0.70
4113, 0.49
4114, 0.47
4115, 0.52
4116, 0.49
4117, 0.49
4118, 0.46
4119, 0.43
4120, 0.54
4121, 0.50
4122, 0.48
4123, 0.34
4124, 0.56
4125, 0.46
4126, 0.41
4127, 0.51
4128, 0.53
4129, 0.55
4130, 0.56
4131, 0.50
4132, 0.50
4133, 0.68
4134, 0.49
4135, 0.50
4136, 0.49
4137, 0.53
4138, 0.47
4139, 0.51
4140, 0.47
4141, 0.67
4142, 0.43
4143, 0.51
4144, 0.47
4145, 0.49
4146, 0.71
4147, 0.49
4148, 0.35
4149, 0.31
4150, 0.53
4151, 0.53
4152, 0.47
4153, 0.41
4154, 0.51
4155, 0.73
4156, 0.37
4157, 0.56
4158, 0.52
4159, 0.52
4160, 0.47
4161, 0.32
4162, 0.43
4163, 0.43
4164, 0.48
4165, 0.71
4166, 0.56
4167, 0.43
4168, 0.48
4169, 0.52
4170, 0.52
4171, 0.49
4172, 0.51
4173, 0.50
4174, 0.34
4175, 0.42
4176, 0.68
4177, 0.67
4178, 0.51
4179, 0.70
4180, 0.53
4181, 0.48
4182, 0.39
4183, 0.52
4184, 0.48
4185, 0.51
4186, 0.49
4187, 0.48
4188, 0.58
4189, 0.53
4190, 0.42
4191, 0.50
4192, 0.50
4193, 0.66
4194, 0.51
4195, 0.43
4196, 0.49
4197, 0.49
4198, 0.47
4199, 0.53
4200, 0.48
4201, 0.42
4202, 0.53
4203, 0.46
4204, 0.48
4205, 0.41
4206, 0.51
4207, 0.44
4208, 0.56
4209, 0.38
4210, 0.47
4211, 0.50
4212, 0.52
4213, 0.71
4214, 0.50
4215, 0.56
4216, 0.77
4217, 0.37
4218, 0.54
4219, 0.66
4220, 0.46
4221, 0.52
4222, 0.50
4223, 0.42
4224, 0.45
4225, 0.44
4226, 0.30
4227, 0.47
4228, 0.48
4229, 0.51
4230, 0.49
4231, 0.53
4232, 0.62
4233, 0.52
4234, 0.51
4235, 0.53
4236, 0.49
4237, 0.36
4238, 0.47
4239, 0.72
4240, 0.52
4241, 0.48
4242, 0.74
4243, 0.51
4244, 0.47
4245, 0.44
4246, 0.48
4247, 0.74
4248, 0.43
4249, 0.51
4250, 0.39
4251, 0.50
4252, 0.73
4253, 0.50
4254, 0.56
4255, 0.56
4256, 0.55
4257, 0.51
4258, 0.47
4259, 0.45
4260, 0.69
4261, 0.67
4262, 0.48
4263, 0.41
4264, 0.47
4265, 0.47
4266, 0.74
4267, 0.50
4268, 0.71
4269, 0.50
4270, 0.48
4271, 0.44
4272, 0.37
4273, 0.46
4274, 0.44
4275, 0.51
4276, 0.51
4277, 0.34
4278, 0.38
4279, 0.48
4280, 0.49
4281, 0.48
4282, 0.50
4283, 0.48
4284, 0.49
4285, 0.71
4286, 0.49
4287, 0.46
4288, 0.53
4289, 0.36
4290, 0.43
4291, 0.40
4292, 0.46
4293, 0.49
4294, 0.50
4295, 0.53
4296, 0.54
4297, 0.45
4298, 0.46
4299, 0.37
4300, 0.49
4301, 0.49
4302, 0.53
4303, 0.59
4304, 0.52
4305, 0.75
4306, 0.57
4307, 0.46
4308, 0.44
4309, 0.43
4310, 0.47
4311, 0.44
4312, 0.42
4313, 0.49
4314, 0.41
4315, 0.51
4316, 0.46
4317, 0.37
4318, 0.49
4319, 0.30
4320, 0.54
4321, 0.70
4322, 0.51
4323, 0.76
4324, 0.47
4325, 0.50
4326, 0.46
4327, 0.47
4328, 0.44
4329, 0.55
4330, 0.42
4331, 0.45
4332, 0.55
4333, 0.64
4334, 0.51
4335, 0.53
4336, 0.47
4337, 0.39
4338, 0.45
4339, 0.75
4340, 0.63
4341, 0.51
4342, 0.52
4343, 0.30
4344, 0.43
4345, 0.53
4346, 0.50
4347, 0.41
4348, 0.35
4349, 0.46
4350, 0.45
4351, 0.53
4352, 0.36
4353, 0.66
4354, 0.45
4355, 0.51
4356, 0.46
4357, 0.49
4358, 0.50
4359, 0.51
4360, 0.48
4361, 0.47
4362, 0.52
4363, 0.62
4364, 0.39
4365, 0.43
4366, 0.46
4367, 0.63
4368, 0.70
4369, 0.52
4370, 0.50
4371, 0.41
4372, 0.50
4373, 0.39
4374, 0.47
4375, 0.37
4376, 0.48
4377, 0.50
4378, 0.48
4379, 0.44
4380, 0.55
4381, 0.49
4382, 0.51
4383, 0.45
4384, 0.51
4385, 0.47
4386, 0.53
4387, 0.54
4388, 0.70
4389, 0.55
4390, 0.31
4391, 0.31
4392, 0.51
4393, 0.30
4394, 0.48
4395, 0.50
4396, 0.49
4397, 0.49
4398, 0.44
4399, 0.41
4400, 0.71
4401, 0.45
4402, 0.52
4403, 0.42
4404, 0.51
4405, 0.51
4406, 0.39
4407, 0.37
4408, 0.71
4409, 0.47
4410, 0.49
4411, 0.41
4412, 0.47
4413, 0.53
4414, 0.33
4415, 0.35
4416, 0.48
4417, 0.52
4418, 0.46
4419, 0.51
4420, 0.50
4421, 0.42
4422, 0.52
4423, 0.47
4424, 0.73
4425, 0.54
4426, 0.41
4427, 0.45
4428, 0.35
4429, 0.55
4430, 0.47
4431, 0.46
4432, 0.53
4433, 0.51
4434, 0.51
4435, 0.46
4436, 0.53
4437, 0.51
4438, 0.53
4439, 0.70
4440, 0.74
4441, 0.46
4442, 0.50
4443, 0.51
4444, 0.36
4445, 0.41
4446, 0.51
4447, 0.60
4448, 0.51
4449, 0.52
4450, 0.52
4451, 0.43
4452, 0.52
4453, 0.50
4454, 0.50
4455, 0.35
4456, 0.47
4457, 0.51
4458, 0.71
4459, 0.47
4460, 0.45
4461, 0.51
4462, 0.41
4463, 0.37
4464, 0.47
4465, 0.40
4466, 0.44
4467, 0.47
4468, 0.49
4469, 0.58
4470, 0.60
4471, 0.36
4472, 0.45
4473, 0.51
4474, 0.38
4475, 0.53
4476, 0.67
4477, 0.45
4478, 0.75
4479, 0.51
4480, 0.51
4481, 0.52
4482, 0.47
4483, 0.53
4484, 0.50
4485, 0.48
4486, 0.53
4487, 0.50
4488, 0.49
4489, 0.50
4490, 0.44
4491, 0.52
4492, 0.48
4493, 0.51
4494, 0.43
4495, 0.65
4496, 0.45
4497, 0.47
4498, 0.73
4499, 0.38
4500, 0.33
4501, 0.59
4502, 0.73
4503, 0.49
4504, 0.51
4505, 0.46
4506, 0.48
4507, 0.44
4508, 0.52
4509, 0.48
4510, 0.48
4511, 0.52
4512, 0.52
4513, 0.46
4514, 0.39
4515, 0.48
4516, 0.50
4517, 0.56
4518, 0.51
4519, 0.47
4520, 0.42
4521, 0.52
4522, 0.52
4523, 0.70
4524, 0.47
4525, 0.36
4526, 0.33
4527, 0.68
4528, 0.48
4529, 0.50
4530, 0.46
4531, 0.49
4532, 0.49
4533, 0.45
4534, 0.71
4535, 0.52
4536, 0.49
4537, 0.73
4538, 0.55
4539, 0.32
4540, 0.52
4541, 0.54
4542, 0.32
4543, 0.48
4544, 0.50
4545, 0.73
4546, 0.49
4547, 0.51
4548, 0.52
4549, 0.46
4550, 0.50
4551, 0.45
4552, 0.38
4553, 0.65
4554, 0.52
4555, 0.50
4556, 0.48
4557, 0.48
4558, 0.46
4559, 0.52
4560, 0.48
4561, 0.53
4562, 0.52
4563, 0.75
4564, 0.65
4565, 0.49
4566, 0.49
4567, 0.50
4568, 0.55
4569, 0.54
4570, 0.50
4571, 0.50
4572, 0.50
4573, 0.52
4574, 0.42
4575, 0.46
4576, 0.59
4577, 0.47
4578, 0.38
4579, 0.50
4580, 0.48
4581, 0.55
4582, 0.63
4583, 0.47
4584, 0.43
4585, 0.70
4586, 0.47
4587, 0.71
4588, 0.57
4589, 0.46
4590, 0.31
4591, 0.48
4592, 0.53
4593, 0.46
4594, 0.42
4595, 0.57
4596, 0.51
4597, 0.51
4598, 0.49
4599, 0.52
4600, 0.50
4601, 0.42
4602, 0.53
4603, 0.46
4604, 0.45
4605, 0.47
4606, 0.47
4607, 0.42
4608, 0.37
4609, 0.50
4610, 0.38
4611, 0.54
4612, 0.50
4613, 0.45
4614, 0.47
4615, 0.33
4616, 0.52
4617, 0.64
4618, 0.73
4619, 0.47
4620, 0.46
4621, 0.45
4622, 0.64
4623, 0.59
4624, 0.51
4625, 0.49
4626, 0.64
4627, 0.31
4628, 0.39
4629, 0.64
4630, 0.49
4631, 0.42
4632, 0.51
4633, 0.48
4634, 0.53
4635, 0.40
4636, 0.63
4637, 0.52
4638, 0.52
4639, 0.71
4640, 0.73
4641, 0.45
4642, 0.41
4643, 0.55
4644, 0.50
4645, 0.40
4646, 0.50
4647, 0.49
4648, 0.53
4649, 0.62
4650, 0.45
4651, 0.53
4652, 0.50
4653, 0.48
4654, 0.55
4655, 0.41
4656, 0.68
4657, 0.44
4658, 0.49
4659, 0.36
4660, 0.47
4661, 0.52
4662, 0.56
4663, 0.41
4664, 0.61
4665, 0.48
4666, 0.50
4667, 0.68
4668, 0.46
4669, 0.45
4670, 0.43
4671, 0.47
4672, 0.67
4673, 0.35
4674, 0.73
4675, 0.46
4676, 0.49
4677, 0.52
4678, 0.30
4679, 0.37
4680, 0.47
4681, 0.58
4682, 0.72
4683, 0.63
4684, 0.63
4685, 0.51
4686, 0.49
4687, 0.46
4688, 0.50
4689, 0.50
4690, 0.65
4691, 0.51
4692, 0.50
4693, 0.56
4694, 0.39
4695, 0.50
4696, 0.46
4697, 0.43
4698, 0.42
4699, 0.49
4700, 0.55
4701, 0.60
4702, 0.52
4703, 0.53
4704, 0.35
4705, 0.48
4706, 0.38
4707, 0.53
4708, 0.70
4709, 0.55
4710, 0.50
4711, 0.45
4712, 0.41
4713, 0.51
4714, 0.48
4715, 0.45
4716, 0.52
4717, 0.37
4718, 0.62
4719, 0.64
4720, 0.47
4721, 0.51
4722, 0.48
4723, 0.49
4724, 0.51
4725, 0.31
4726, 0.38
4727, 0.50
4728, 0.50
4729, 0.47
4730, 0.52
4731, 0.52
4732, 0.50
4733, 0.51
4734, 0.44
4735, 0.54
4736, 0.46
4737, 0.49
4738, 0.56
4739, 0.50
4740, 0.41
4741, 0.51
4742, 0.50
4743, 0.62
4744, 0.58
4745, 0.48
4746, 0.57
4747, 0.55
4748, 0.49
4749, 0.72
4750, 0.52
4751, 0.44
4752, 0.51
4753, 0.49
4754, 0.57
4755, 0.59
4756, 0.49
4757, 0.52
4758, 0.60
4759, 0.52
4760, 0.54
4761, 0.43
4762, 0.76
4763, 0.44
4764, 0.41
4765, 0.47
4766, 0.33
4767, 0.49
4768, 0.50
4769, 0.50
4770, 0.50
4771, 0.75
4772, 0.50
4773, 0.49
4774, 0.52
4775, 0.46
4776, 0.46
4777, 0.46
4778, 0.56
4779, 0.51
4780, 0.50
4781, 0.71
4782, 0.50
4783, 0.74
4784, 0.56
4785, 0.73
4786, 0.42
4787, 0.62
4788, 0.49
4789, 0.51
4790, 0.46
4791, 0.49
4792, 0.52
4793, 0.44
4794, 0.41
4795, 0.66
4796, 0.50
4797, 0.50
4798, 0.45
4799, 0.48
4800, 0.45
4801, 0.42
4802, 0.46
4803, 0.44
4804, 0.51
4805, 0.49
4806, 0.51
4807, 0.49
4808, 0.52
4809, 0.51
4810, 0.55
4811, 0.47
4812, 0.45
4813, 0.39
4814, 0.30
4815, 0.50
4816, 0.51
4817, 0.46
4818, 0.51
4819, 0.43
4820, 0.61
4821, 0.43
4822, 0.43
4823, 0.31
4824, 0.52
4825, 0.45
4826, 0.45
4827, 0.45
4828, 0.47
4829, 0.72
4830, 0.51
4831, 0.50
4832, 0.38
4833, 0.67
4834, 0.39
4835, 0.48
4836, 0.69
4837, 0.39
4838, 0.40
4839, 0.35
4840, 0.48
4841, 0.48
4842, 0.40
4843, 0.51
4844, 0.45
4845, 0.49
4846, 0.61
4847, 0.48
4848, 0.69
4849, 0.51
4850, 0.44
4851, 0.38
4852, 0.46
4853, 0.47
4854, 0.34
4855, 0.43
4856, 0.36
4857, 0.52
4858, 0.51
4859, 0.44
4860, 0.56
4861, 0.33
4862, 0.50
4863, 0.39
4864, 0.56
4865, 0.44
4866, 0.62
4867, 0.43
4868, 0.30
4869, 0.52
4870, 0.49
4871, 0.66
4872, 0.49
4873, 0.55
4874, 0.41
4875, 0.52
4876, 0.46
4877, 0.72
4878, 0.50
4879, 0.42
4880, 0.58
4881, 0.49
4882, 0.72
4883, 0.75
4884, 0.46
4885, 0.34
4886, 0.54
4887, 0.53
4888, 0.45
4889, 0.54
4890, 0.38
4891, 0.45
4892, 0.44
4893, 0.45
4894, 0.31
4895, 0.51
4896, 0.45
4897, 0.52
4898, 0.54
4899, 0.48
4900, 0.55
4901, 0.49
4902, 0.39
4903, 0.42
4904, 0.54
4905, 0.50
4906, 0.49
4907, 0.58
4908, 0.46
4909, 0.52
4910, 0.48
4911, 0.47
4912, 0.74
4913, 0.44
4914, 0.46
4915, 0.68
4916, 0.70
4917, 0.49
4918, 0.50
4919, 0.37
4920, 0.39
4921, 0.41
4922, 0.46
4923, 0.74
4924, 0.51
4925, 0.53
4926, 0.30
4927, 0.53
4928, 0.38
4929, 0.70
4930, 0.64
4931, 0.53
4932, 0.52
4933, 0.54
4934, 0.36
4935, 0.51
4936, 0.46
4937, 0.51
4938, 0.52
4939, 0.49
4940, 0.54
4941, 0.50
4942, 0.49
4943, 0.51
4944, 0.63
4945, 0.51
4946, 0.52
4947, 0.47
4948, 0.51
4949, 0.53
4950, 0.51
4951, 0.51
4952, 0.51
4953, 0.51
4954, 0.48
4955, 0.47
4956, 0.46
4957, 0.46
4958, 0.49
4959, 0.44
4960, 0.48
4961, 0.72
4962, 0.39
4963, 0.39
4964, 0.53
4965, 0.53
4966, 0.51
4967, 0.48
4968, 0.53
4969, 0.64
4970, 0.42
4971, 0.50
4972, 0.41
4973, 0.46
4974, 0.49
4975, 0.46
4976, 0.49
4977, 0.51
4978, 0.38
4979, 0.50
4980, 0.46
4981, 0.45
4982, 0.46
4983, 0.56
4984, 0.47
4985, 0.51
4986, 0.44
4987, 0.46
4988, 0.78
4989, 0.51
4990, 0.43
4991, 0.63
4992, 0.32
4993, 0.51
4994, 0.43
4995, 0.46
4996, 0.47
4997, 0.42
4998, 0.47
4999, 0.51
5000, 0.72
5001, 0.42
5002, 0.50
5003, 0.53
5004, 0.43
5005, 0.41
5006, 0.42
5007, 0.46
5008, 0.50
5009, 0.49
5010, 0.39
5011, 0.31
5012, 0.52
5013, 0.51
5014, 0.68
5015, 0.37
5016, 0.47
5017, 0.43
5018, 0.58
5019, 0.54
5020, 0.56
5021, 0.42
5022, 0.54
5023, 0.68
5024, 0.56
5025, 0.53
5026, 0.47
5027, 0.56
5028, 0.45
5029, 0.37
5030, 0.46
5031, 0.51
5032, 0.43
5033, 0.56
5034, 0.31
5035, 0.49
5036, 0.51
5037, 0.46
5038, 0.51
5039, 0.41
5040, 0.52
5041, 0.52
5042, 0.56
5043, 0.31
5044, 0.49
5045, 0.47
5046, 0.55
5047, 0.46
5048, 0.47
5049, 0.52
5050, 0.50
5051, 0.44
5052, 0.44
5053, 0.73
5054, 0.52
5055, 0.52
5056, 0.46
5057, 0.31
5058, 0.47
5059, 0.71
5060, 0.72
5061, 0.37
5062, 0.49
5063, 0.53
5064, 0.50
5065, 0.31
5066, 0.48
5067, 0.52
5068, 0.52
5069, 0.50
5070, 0.50
5071, 0.49
5072, 0.49
5073, 0.56
5074, 0.47
5075, 0.53
5076, 0.52
5077, 0.50
5078, 0.67
5079, 0.72
5080, 0.51
5081, 0.39
5082, 0.42
5083, 0.43
5084, 0.49
5085, 0.64
5086, 0.52
5087, 0.46
5088, 0.56
5089, 0.66
5090, 0.47
5091, 0.48
5092, 0.47
5093, 0.47
5094, 0.48
5095, 0.50
5096, 0.41
5097, 0.43
5098, 0.38
5099, 0.53
5100, 0.54
5101, 0.50
5102, 0.46
5103, 0.53
5104, 0.52
5105, 0.52
5106, 0.48
5107, 0.52
5108, 0.51
5109, 0.70
5110, 0.35
5111, 0.39
5112, 0.46
5113, 0.42
5114, 0.46
5115, 0.44
5116, 0.39
5117, 0.69
5118, 0.47
5119, 0.44
5120, 0.52
5121, 0.51
5122, 0.43
5123, 0.46
5124, 0.44
5125, 0.66
5126, 0.47
5127, 0.36
5128, 0.51
5129, 0.50
5130, 0.48
5131, 0.37
5132, 0.43
5133, 0.49
5134, 0.45
5135, 0.52
5136, 0.42
5137, 0.55
5138, 0.54
5139, 0.46
5140, 0.67
5141, 0.51
5142, 0.69
5143, 0.44
5144, 0.53
5145, 0.57
5146, 0.54
5147, 0.51
5148, 0.49
5149, 0.45
5150, 0.52
5151, 0.51
5152, 0.31
5153, 0.50
5154, 0.49
5155, 0.46
5156, 0.44
5157, 0.56
5158, 0.48
5159, 0.44
5160, 0.30
5161, 0.52
5162, 0.53
5163, 0.37
5164, 0.48
5165, 0.48
5166, 0.50
5167, 0.48
5168, 0.45
5169, 0.52
5170, 0.57
5171, 0.55
5172, 0.43
5173, 0.48
5174, 0.52
5175, 0.49
5176, 0.73
5177, 0.48
5178, 0.52
5179, 0.43
5180, 0.53
5181, 0.65
5182, 0.30
5183, 0.45
5184, 0.71
5185, 0.71
5186, 0.51
5187, 0.42
5188, 0.39
5189, 0.38
5190, 0.51
5191, 0.49
5192, 0.50
5193, 0.44
5194, 0.53
5195, 0.75
5196, 0.44
5197, 0.34
5198, 0.48
5199, 0.51
5200, 0.69
5201, 0.44
5202, 0.40
5203, 0.49
5204, 0.34
5205, 0.49
5206, 0.44
5207, 0.71
5208, 0.42
5209, 0.45
5210, 0.47
5211, 0.50
5212, 0.50
5213, 0.64
5214, 0.43
5215, 0.45
5216, 0.38
5217, 0.45
5218, 0.36
5219, 0.52
5220, 0.53
5221, 0.45
5222, 0.51
5223, 0.50
5224, 0.52
5225, 0.45
5226, 0.52
5227, 0.30
5228, 0.48
5229, 0.31
5230, 0.41
5231, 0.45
5232, 0.54
5233, 0.52
5234, 0.31
5235, 0.54
5236, 0.48
5237, 0.51
5238, 0.35
5239, 0.44
5240, 0.52
5241, 0.38
5242, 0.30
5243, 0.45
5244, 0.73
5245, 0.48
5246, 0.62
5247, 0.55
5248, 0.50
5249, 0.50
5250, 0.51
5251, 0.46
5252, 0.53
5253, 0.42
5254, 0.36
5255, 0.42
5256, 0.52
5257, 0.37
5258, 0.50
5259, 0.49
5260, 0.35
5261, 0.68
5262, 0.47
5263, 0.56
5264, 0.49
5265, 0.46
5266, 0.38
5267, 0.70
5268, 0.45
5269, 0.51
5270, 0.55
5271, 0.47
5272, 0.72
5273, 0.50
5274, 0.53
5275, 0.49
5276, 0.49
5277, 0.36
5278, 0.50
5279, 0.59
5280, 0.51
5281, 0.73
5282, 0.46
5283, 0.66
5284, 0.55
5285, 0.50
5286, 0.39
5287, 0.54
5288, 0.64
5289, 0.54
5290, 0.48
5291, 0.69
5292, 0.43
5293, 0.40
5294, 0.38
5295, 0.36
5296, 0.41
5297, 0.47
5298, 0.45
5299, 0.73
5300, 0.48
5301, 0.47
5302, 0.52
5303, 0.56
5304, 0.52
5305, 0.48
5306, 0.46
5307, 0.42
5308, 0.62
5309, 0.59
5310, 0.42
5311, 0.46
5312, 0.49
5313, 0.51
5314, 0.42
5315, 0.68
5316, 0.50
5317, 0.39
5318, 0.50
5319, 0.65
5320, 0.62
5321, 0.50
5322, 0.49
5323, 0.38
5324, 0.49
5325, 0.52
5326, 0.38
5327, 0.49
5328, 0.49
5329, 0.42
5330, 0.48
5331, 0.48
5332, 0.32
5333, 0.39
5334, 0.46
5335, 0.50
5336, 0.47
5337, 0.50
5338, 0.38
5339, 0.43
5340, 0.35
5341, 0.52
5342, 0.49
5343, 0.50
5344, 0.46
5345, 0.51
5346, 0.50
5347, 0.50
5348, 0.57
5349, 0.48
5350, 0.45
5351, 0.61
5352, 0.55
5353, 0.51
5354, 0.42
5355, 0.65
5356, 0.72
5357, 0.52
5358, 0.47
5359, 0.49
5360, 0.37
5361, 0.53
5362, 0.51
5363, 0.49
5364, 0.39
5365, 0.48
5366, 0.50
5367, 0.62
5368, 0.49
5369, 0.49
5370, 0.71
5371, 0.50
5372, 0.45
5373, 0.49
5374, 0.42
5375, 0.57
5376, 0.41
5377, 0.59
5378, 0.55
5379, 0.45
5380, 0.45
5381, 0.49
5382, 0.46
5383, 0.50
5384, 0.51
5385, 0.45
5386, 0.49
5387, 0.37
5388, 0.30
5389, 0.51
5390, 0.47
5391, 0.48
5392, 0.50
5393, 0.61
5394, 0.52
5395, 0.48
5396, 0.69
5397, 0.50
5398, 0.43
5399, 0.42
5400, 0.53
5401, 0.46
5402, 0.39
5403, 0.45
5404, 0.49
5405, 0.50
5406, 0.50
5407, 0.48
5408, 0.51
5409, 0.51
5410, 0.40
5411, 0.41
5412, 0.70
5413, 0.49
5414, 0.47
5415, 0.48
5416, 0.51
5417, 0.38
5418, 0.38
5419, 0.66
5420, 0.44
5421, 0.48
5422, 0.47
5423, 0.59
5424, 0.55
5425, 0.53
5426, 0.49
5427, 0.47
5428, 0.52
5429, 0.51
5430, 0.48
5431, 0.49
5432, 0.50
5433, 0.49
5434, 0.72
5435, 0.52
5436, 0.49
5437, 0.49
5438, 0.48
5439, 0.44
5440, 0.46
5441, 0.59
5442, 0.53
5443, 0.50
5444, 0.48
5445, 0.46
5446, 0.68
5447, 0.53
5448, 0.46
5449, 0.47
5450, 0.44
5451, 0.58
5452, 0.44
5453, 0.63
5454, 0.52
5455, 0.69
5456, 0.54
5457, 0.66
5458, 0.58
5459, 0.62
5460, 0.53
5461, 0.50
5462, 0.44
5463, 0.52
5464, 0.50
5465, 0.50
5466, 0.45
5467, 0.45
5468, 0.45
5469, 0.42
5470, 0.38
5471, 0.48
5472, 0.59
5473, 0.51
5474, 0.49
5475, 0.41
5476, 0.47
5477, 0.53
5478, 0.50
5479, 0.69
5480, 0.47
5481, 0.58
5482, 0.45
5483, 0.49
5484, 0.52
5485, 0.30
5486, 0.57
5487, 0.70
5488, 0.35
5489, 0.48
5490, 0.74
5491, 0.51
5492, 0.57
5493, 0.49
5494, 0.51
5495, 0.51
5496, 0.76
5497, 0.50
5498, 0.48
5499, 0.47
5500, 0.73
5501, 0.52
5502, 0.53
5503, 0.53
5504, 0.46
5505, 0.51
5506, 0.52
5507, 0.55
5508, 0.48
5509, 0.49
5510, 0.43
5511, 0.49
5512, 0.48
5513, 0.52
5514, 0.65
5515, 0.48
5516, 0.50
5517, 0.49
5518, 0.54
5519, 0.55
5520, 0.53
5521, 0.53
5522, 0.48
5523, 0.54
5524, 0.72
5525, 0.48
5526, 0.38
5527, 0.35
5528, 0.38
5529, 0.52
5530, 0.46
5531, 0.48
5532, 0.52
5533, 0.51
5534, 0.44
5535, 0.52
5536, 0.43
5537, 0.57
5538, 0.65
5539, 0.44
5540, 0.32
5541, 0.35
5542, 0.70
5543, 0.52
5544, 0.72
5545, 0.43
5546, 0.52
5547, 0.45
5548, 0.53
5549, 0.43
5550, 0.44
5551, 0.49
5552, 0.35
5553, 0.43
5554, 0.60
5555, 0.56
5556, 0.50
5557, 0.48
5558, 0.50
5559, 0.52
5560, 0.52
5561, 0.37
5562, 0.51
5563, 0.52
5564, 0.48
5565, 0.45
5566, 0.40
5567, 0.39
5568, 0.50
5569, 0.51
5570, 0.45
5571, 0.49
5572, 0.71
5573, 0.73
5574, 0.50
5575, 0.44
5576, 0.42
5577, 0.38
5578, 0.54
5579, 0.40
5580, 0.46
5581, 0.48
5582, 0.38
5583, 0.55
5584, 0.47
5585, 0.51
5586, 0.51
5587, 0.43
5588, 0.52
5589, 0.57
5590, 0.49
5591, 0.48
5592, 0.43
5593, 0.47
5594, 0.66
5595, 0.54
5596, 0.41
5597, 0.37
5598, 0.53
5599, 0.74
5600, 0.52
5601, 0.51
5602, 0.53
5603, 0.50
5604, 0.45
5605, 0.42
5606, 0.40
5607, 0.49
5608, 0.39
5609, 0.48
5610, 0.42
5611, 0.55
5612, 0.58
5613, 0.46
5614, 0.50
5615, 0.37
5616, 0.46
5617, 0.47
5618, 0.48
5619, 0.49
5620, 0.39
5621, 0.71
5622, 0.35
5623, 0.44
5624, 0.48
5625, 0.52
5626, 0.44
5627, 0.51
5628, 0.43
5629, 0.46
5630, 0.47
5631, 0.51
5632, 0.53
5633, 0.74
5634, 0.47
5635, 0.69
5636, 0.32
5637, 0.39
5638, 0.52
5639, 0.49
5640, 0.51
5641, 0.45
5642, 0.54
5643, 0.51
5644, 0.67
5645, 0.49
5646, 0.31
5647, 0.40
5648, 0.37
5649, 0.48
5650, 0.46
5651, 0.47
5652, 0.53
5653, 0.38
5654, 0.36
5655, 0.45
5656, 0.45
5657, 0.50
5658, 0.74
5659, 0.49
5660, 0.60
5661, 0.50
5662, 0.69
5663, 0.50
5664, 0.52
5665, 0.44
5666, 0.51
5667, 0.47
5668, 0.47
5669, 0.40
5670, 0.53
5671, 0.51
5672, 0.58
5673, 0.35
5674, 0.44
5675, 0.72
5676, 0.48
5677, 0.50
5678, 0.49
5679, 0.53
5680, 0.47
5681, 0.49
5682, 0.51
5683, 0.49
5684, 0.72
5685, 0.46
5686, 0.48
5687, 0.47
5688, 0.67
5689, 0.44
5690, 0.42
5691, 0.50
5692, 0.53
5693, 0.51
5694, 0.51
5695, 0.44
5696, 0.43
5697, 0.49
5698, 0.48
5699, 0.47
5700, 0.44
5701, 0.75
5702, 0.40
5703, 0.73
5704, 0.64
5705, 0.67
5706, 0.41
5707, 0.42
5708, 0.45
5709, 0.56
5710, 0.67
5711, 0.46
5712, 0.60
5713, 0.39
5714, 0.50
5715, 0.53
5716, 0.55
5717, 0.48
5718, 0.48
5719, 0.43
5720, 0.53
5721, 0.50
5722, 0.47
5723, 0.51
5724, 0.46
5725, 0.49
5726, 0.49
5727, 0.33
5728, 0.53
5729, 0.38
5730, 0.53
5731, 0.52
5732, 0.46
5733, 0.68
5734, 0.47
5735, 0.39
5736, 0.70
5737, 0.52
5738, 0.51
5739, 0.42
5740, 0.43
5741, 0.48
5742, 0.46
5743, 0.51
5744, 0.45
5745, 0.60
5746, 0.55
5747, 0.56
5748, 0.42
5749, 0.67
5750, 0.49
5751, 0.47
5752, 0.51
5753, 0.50
5754, 0.49
5755, 0.51
5756, 0.67
5757, 0.51
5758, 0.49
5759, 0.51
5760, 0.37
5761, 0.49
5762, 0.46
5763, 0.50
5764, 0.44
5765, 0.52
5766, 0.46
5767, 0.39
5768, 0.41
5769, 0.72
5770, 0.54
5771, 0.38
5772, 0.45
5773, 0.48
5774, 0.53
5775, 0.50
5776, 0.55
5777, 0.49
5778, 0.44
5779, 0.46
5780, 0.51
5781, 0.47
5782, 0.55
5783, 0.52
5784, 0.43
5785, 0.49
5786, 0.63
5787, 0.52
5788, 0.55
5789, 0.40
5790, 0.64
5791, 0.39
5792, 0.48
5793, 0.52
5794, 0.41
5795, 0.46
5796, 0.35
5797, 0.44
5798, 0.53
5799, 0.50
5800, 0.41
5801, 0.38
5802, 0.48
5803, 0.38
5804, 0.56
5805, 0.68
5806, 0.49
5807, 0.47
5808, 0.35
5809, 0.38
5810, 0.56
5811, 0.51
5812, 0.39
5813, 0.53
5814, 0.53
5815, 0.42
5816, 0.48
5817, 0.45
5818, 0.64
5819, 0.47
5820, 0.52
5821, 0.56
5822, 0.48
5823, 0.49
5824, 0.59
5825, 0.51
5826, 0.61
5827, 0.39
5828, 0.42
5829, 0.51
5830, 0.43
5831, 0.52
5832, 0.58
5833, 0.40
5834, 0.53
5835, 0.43
5836, 0.35
5837, 0.58
5838, 0.47
5839, 0.51
5840, 0.46
5841, 0.49
5842, 0.50
5843, 0.71
5844, 0.45
5845, 0.72
5846, 0.44
5847, 0.42
5848, 0.52
5849, 0.37
5850, 0.35
5851, 0.47
5852, 0.49
5853, 0.46
5854, 0.44
5855, 0.50
5856, 0.48
5857, 0.56
5858, 0.46
5859, 0.46
5860, 0.49
5861, 0.46
5862, 0.50
5863, 0.56
5864, 0.70
5865, 0.51
5866, 0.50
5867, 0.66
5868, 0.44
5869, 0.43
5870, 0.38
5871, 0.54
5872, 0.53
5873, 0.61
5874, 0.47
5875, 0.44
5876, 0.51
5877, 0.62
5878, 0.52
5879, 0.47
5880, 0.52
5881, 0.35
5882, 0.34
5883, 0.66
5884, 0.65
5885, 0.49
5886, 0.39
5887, 0.44
5888, 0.42
5889, 0.44
5890, 0.56
5891, 0.34
5892, 0.50
5893, 0.36
5894, 0.47
5895, 0.44
5896, 0.52
5897, 0.42
5898, 0.46
5899, 0.47
5900, 0.51
5901, 0.45
5902, 0.49
5903, 0.52
5904, 0.45
5905, 0.55
5906, 0.50
5907, 0.48
5908, 0.48
5909, 0.44
5910, 0.66
5911, 0.30
5912, 0.45
5913, 0.69
5914, 0.46
5915, 0.36
5916, 0.39
5917, 0.47
5918, 0.39
5919, 0.49
5920, 0.50
5921, 0.49
5922, 0.53
5923, 0.65
5924, 0.39
5925, 0.48
5926, 0.49
5927, 0.40
5928, 0.53
5929, 0.52
5930, 0.51
5931, 0.51
5932, 0.53
5933, 0.75
5934, 0.49
5935, 0.35
5936, 0.32
5937, 0.49
5938, 0.52
5939, 0.40
5940, 0.48
5941, 0.69
5942, 0.45
5943, 0.47
5944, 0.48
5945, 0.72
5946, 0.48
5947, 0.50
5948, 0.50
5949, 0.58
5950, 0.42
5951, 0.53
5952, 0.47
5953, 0.38
5954, 0.50
5955, 0.50
5956, 0.49
5957, 0.44
5958, 0.46
5959, 0.46
5960, 0.44
5961, 0.55
5962, 0.53
5963, 0.59
5964, 0.66
5965, 0.50
5966, 0.53
5967, 0.50
5968, 0.56
5969, 0.47
5970, 0.50
5971, 0.49
5972, 0.63
5973, 0.47
5974, 0.49
5975, 0.46
5976, 0.38
5977, 0.38
5978, 0.51
5979, 0.47
5980, 0.52
5981, 0.39
5982, 0.49
5983, 0.51
5984, 0.43
5985, 0.52
5986, 0.48
5987, 0.48
5988, 0.57
5989, 0.51
5990, 0.71
5991, 0.73
5992, 0.55
5993, 0.52
5994, 0.51
5995, 0.73
5996, 0.48
5997, 0.49
5998, 0.49
5999, 0.49
6000, 0.72
6001, 0.48
6002, 0.70
6003, 0.58
6004, 0.42
6005, 0.49
6006, 0.40
6007, 0.45
6008, 0.45
6009, 0.51
6010, 0.52
6011, 0.42
6012, 0.51
6013, 0.52
6014, 0.51
6015, 0.53
6016, 0.49
6017, 0.51
6018, 0.49
6019, 0.53
6020, 0.51
6021, 0.35
6022, 0.30
6023, 0.52
6024, 0.49
6025, 0.47
6026, 0.38
6027, 0.70
6028, 0.51
6029, 0.49
6030, 0.56
6031, 0.38
6032, 0.65
6033, 0.49
6034, 0.48
6035, 0.45
6036, 0.74
6037, 0.49
6038, 0.53
6039, 0.46
6040, 0.51
6041, 0.38
6042, 0.47
6043, 0.49
6044, 0.53
6045, 0.40
6046, 0.47
6047, 0.60
6048, 0.56
6049, 0.43
6050, 0.65
6051, 0.48
6052, 0.49
6053, 0.55
6054, 0.53
6055, 0.56
6056, 0.37
6057, 0.51
6058, 0.65
6059, 0.50
6060, 0.38
6061, 0.51
6062, 0.50
6063, 0.43
6064, 0.52
6065, 0.50
6066, 0.50
6067, 0.48
6068, 0.51
6069, 0.49
6070, 0.50
6071, 0.72
6072, 0.46
6073, 0.58
6074, 0.44
6075, 0.43
6076, 0.37
6077, 0.47
6078, 0.50
6079, 0.49
6080, 0.43
6081, 0.51
6082, 0.49
6083, 0.55
6084, 0.52
6085, 0.49
6086, 0.47
6087, 0.50
6088, 0.53
6089, 0.50
6090, 0.40
6091, 0.53
6092, 0.44
6093, 0.56
6094, 0.48
6095, 0.39
6096, 0.50
6097, 0.50
6098, 0.45
6099, 0.53
6100, 0.57
6101, 0.45
6102, 0.38
6103, 0.69
6104, 0.32
6105, 0.42
6106, 0.57
6107, 0.50
6108, 0.42
6109, 0.46
6110, 0.37
6111, 0.53
6112, 0.43
6113, 0.50
6114, 0.48
6115, 0.42
6116, 0.52
6117, 0.51
6118, 0.51
6119, 0.49
6120, 0.41
6121, 0.64
6122, 0.34
6123, 0.37
6124, 0.49
6125, 0.55
6126, 0.53
6127, 0.47
6128, 0.48
6129, 0.44
6130, 0.47
6131, 0.62
6132, 0.52
6133, 0.52
6134, 0.38
6135, 0.51
6136, 0.51
6137, 0.52
6138, 0.50
6139, 0.61
6140, 0.49
6141, 0.57
6142, 0.67
6143, 0.39
6144, 0.49
6145, 0.52
6146, 0.51
6147, 0.42
6148, 0.50
6149, 0.39
6150, 0.53
6151, 0.47
6152, 0.45
6153, 0.56
6154, 0.73
6155, 0.39
6156, 0.34
6157, 0.51
6158, 0.45
6159, 0.38
6160, 0.46
6161, 0.34
6162, 0.52
6163, 0.49
6164, 0.49
6165, 0.53
6166, 0.49
6167, 0.51
6168, 0.50
6169, 0.43
6170, 0.47
6171, 0.71
6172, 0.52
6173, 0.44
6174, 0.44
6175, 0.53
6176, 0.46
6177, 0.47
6178, 0.42
6179, 0.55
6180, 0.53
6181, 0.31
6182, 0.73
6183, 0.48
6184, 0.39
6185, 0.51
6186, 0.53
6187, 0.51
6188, 0.50
6189, 0.66
6190, 0.57
6191, 0.51
6192, 0.53
6193, 0.63
6194, 0.43
6195, 0.50
6196, 0.50
6197, 0.71
6198, 0.49
6199, 0.53
6200, 0.41
6201, 0.55
6202, 0.36
6203, 0.44
6204, 0.67
6205, 0.48
6206, 0.62
6207, 0.52
6208, 0.52
6209, 0.50
6210, 0.49
6211, 0.51
6212, 0.46
6213, 0.32
6214, 0.57
6215, 0.39
6216, 0.52
6217, 0.50
6218, 0.37
6219, 0.68
6220, 0.47
6221, 0.45
6222, 0.42
6223, 0.73
6224, 0.41
6225, 0.51
6226, 0.48
6227, 0.50
6228, 0.51
6229, 0.66
6230, 0.72
6231, 0.51
6232, 0.33
6233, 0.52
6234, 0.71
6235, 0.45
6236, 0.48
6237, 0.45
6238, 0.50
6239, 0.48
6240, 0.43
6241, 0.51
6242, 0.51
6243, 0.51
6244, 0.56
6245, 0.45
6246, 0.52
6247, 0.41
6248, 0.50
6249, 0.46
6250, 0.68
6251, 0.47
6252, 0.49
6253, 0.40
6254, 0.42
6255, 0.54
6256, 0.47
6257, 0.45
6258, 0.52
6259, 0.49
6260, 0.51
6261, 0.49
6262, 0.53
6263, 0.51
6264, 0.31
6265, 0.46
6266, 0.70
6267, 0.44
6268, 0.61
6269, 0.38
6270, 0.40
6271, 0.50
6272, 0.44
6273, 0.38
6274, 0.43
6275, 0.48
6276, 0.48
6277, 0.58
6278, 0.40
6279, 0.44
6280, 0.73
6281, 0.33
6282, 0.48
6283, 0.45
6284, 0.45
6285, 0.51
6286, 0.51
6287, 0.45
6288, 0.49
6289, 0.43
6290, 0.60
6291, 0.46
6292, 0.46
6293, 0.52
6294, 0.35
6295, 0.57
6296, 0.70
6297, 0.46
6298, 0.41
6299, 0.65
6300, 0.47
6301, 0.51
6302, 0.45
6303, 0.49
6304, 0.71
6305, 0.41
6306, 0.52
6307, 0.52
6308, 0.45
6309, 0.45
6310, 0.50
6311, 0.46
6312, 0.35
6313, 0.52
6314, 0.35
6315, 0.50
6316, 0.42
6317, 0.54
6318, 0.49
6319, 0.45
6320, 0.57
6321, 0.53
6322, 0.53
6323, 0.41
6324, 0.71
6325, 0.47
6326, 0.39
6327, 0.49
6328, 0.40
6329, 0.46
6330, 0.59
6331, 0.40
6332, 0.45
6333, 0.53
6334, 0.39
6335, 0.58
6336, 0.55
6337, 0.37
6338, 0.48
6339, 0.52
6340, 0.30
6341, 0.52
6342, 0.48
6343, 0.35
6344, 0.69
6345, 0.45
6346, 0.72
6347, 0.46
6348, 0.70
6349, 0.52
6350, 0.37
6351, 0.50
6352, 0.69
6353, 0.46
6354, 0.38
6355, 0.53
6356, 0.43
6357, 0.67
6358, 0.38
6359, 0.54
6360, 0.66
6361, 0.42
6362, 0.58
6363, 0.73
6364, 0.35
6365, 0.53
6366, 0.30
6367, 0.41
6368, 0.37
6369, 0.76
6370, 0.49
6371, 0.54
6372, 0.43
6373, 0.49
6374, 0.50
6375, 0.40
6376, 0.57
6377, 0.52
6378, 0.65
6379, 0.49
6380, 0.41
6381, 0.47
6382, 0.45
6383, 0.54
6384, 0.46
6385, 0.50
6386, 0.47
6387, 0.43
6388, 0.37
6389, 0.52
6390, 0.56
6391, 0.50
6392, 0.44
6393, 0.51
6394, 0.50
6395, 0.40
6396, 0.63
6397, 0.43
6398, 0.49
6399, 0.42
6400, 0.46
6401, 0.49
6402, 0.37
6403, 0.39
6404, 0.62
6405, 0.42
6406, 0.48
6407, 0.55
6408, 0.49
6409, 0.37
6410, 0.45
6411, 0.38
6412, 0.54
6413, 0.43
6414, 0.53
6415, 0.56
6416, 0.51
6417, 0.38
6418, 0.44
6419, 0.52
6420, 0.44
6421, 0.58
6422, 0.31
6423, 0.45
6424, 0.45
6425, 0.42
6426, 0.44
6427, 0.46
6428, 0.37
6429, 0.50
6430, 0.73
6431, 0.45
6432, 0.44
6433, 0.31
6434, 0.35
6435, 0.44
6436, 0.44
6437, 0.49
6438, 0.46
6439, 0.45
6440, 0.46
6441, 0.51
6442, 0.51
6443, 0.49
6444, 0.31
6445, 0.38
6446, 0.52
6447, 0.48
6448, 0.67
6449, 0.53
6450, 0.36
6451, 0.51
6452, 0.54
6453, 0.51
6454, 0.44
6455, 0.43
6456, 0.43
6457, 0.46
6458, 0.49
6459, 0.46
6460, 0.38
6461, 0.53
6462, 0.46
6463, 0.43
6464, 0.51
6465, 0.46
6466, 0.44
6467, 0.50
6468, 0.47
6469, 0.55
6470, 0.38
6471, 0.57
6472, 0.47
6473, 0.39
6474, 0.50
6475, 0.49
6476, 0.70
6477, 0.51
6478, 0.32
6479, 0.48
6480, 0.35
6481, 0.46
6482, 0.45
6483, 0.46
6484, 0.53
6485, 0.49
6486, 0.34
6487, 0.51
6488, 0.65
6489, 0.41
6490, 0.45
6491, 0.44
6492, 0.39
6493, 0.54
6494, 0.47
6495, 0.48
6496, 0.50
6497, 0.48
6498, 0.43
6499, 0.51
6500, 0.49
6501, 0.52
6502, 0.47
6503, 0.44
6504, 0.39
6505, 0.50
6506, 0.50
6507, 0.52
6508, 0.53
6509, 0.54
6510, 0.50
6511, 0.61
6512, 0.72
6513, 0.46
6514, 0.42
6515, 0.51
6516, 0.48
6517, 0.48
6518, 0.34
6519, 0.49
6520, 0.40
6521, 0.51
6522, 0.54
6523, 0.49
6524, 0.51
6525, 0.45
6526, 0.52
6527, 0.56
6528, 0.69
6529, 0.53
6530, 0.72
6531, 0.48
6532, 0.38
6533, 0.47
6534, 0.48
6535, 0.33
6536, 0.64
6537, 0.49
6538, 0.49
6539, 0.55
6540, 0.50
6541, 0.48
6542, 0.43
6543, 0.68
6544, 0.48
6545, 0.47
6546, 0.45
6547, 0.46
6548, 0.46
6549, 0.64
6550, 0.39
6551, 0.51
6552, 0.38
6553, 0.53
6554, 0.44
6555, 0.49
6556, 0.45
6557, 0.53
6558, 0.54
6559, 0.39
6560, 0.49
6561, 0.51
6562, 0.51
6563, 0.53
6564, 0.44
6565, 0.54
6566, 0.34
6567, 0.62
6568, 0.53
6569, 0.36
6570, 0.48
6571, 0.55
6572, 0.48
6573, 0.47
6574, 0.71
6575, 0.39
6576, 0.38
6577, 0.49
6578, 0.55
6579, 0.39
6580, 0.49
6581, 0.42
6582, 0.48
6583, 0.59
6584, 0.52
6585, 0.39
6586, 0.40
6587, 0.34
6588, 0.43
6589, 0.39
6590, 0.38
6591, 0.50
6592, 0.71
6593, 0.39
6594, 0.43
6595, 0.57
6596, 0.39
6597, 0.50
6598, 0.50
6599, 0.50
6600, 0.52
6601, 0.49
6602, 0.51
6603, 0.53
6604, 0.51
6605, 0.38
6606, 0.52
6607, 0.53
6608, 0.49
6609, 0.50
6610, 0.33
6611, 0.37
6612, 0.34
6613, 0.50
6614, 0.50
6615, 0.52
6616, 0.36
6617, 0.74
6618, 0.38
6619, 0.37
6620, 0.43
6621, 0.37
6622, 0.49
6623, 0.38
6624, 0.46
6625, 0.50
6626, 0.51
6627, 0.47
6628, 0.51
6629, 0.46
6630, 0.62
6631, 0.49
6632, 0.51
6633, 0.45
6634, 0.46
6635, 0.67
6636, 0.47
6637, 0.65
6638, 0.47
6639, 0.68
6640, 0.51
6641, 0.66
6642, 0.45
6643, 0.33
6644, 0.47
6645, 0.49
6646, 0.32
6647, 0.44
6648, 0.44
6649, 0.39
6650, 0.39
6651, 0.60
6652, 0.51
6653, 0.48
6654, 0.51
6655, 0.52
6656, 0.43
6657, 0.51
6658, 0.50
6659, 0.52
6660, 0.61
6661, 0.52
6662, 0.51
6663, 0.52
6664, 0.50
6665, 0.51
6666, 0.52
6667, 0.52
6668, 0.53
6669, 0.50
6670, 0.53
6671, 0.59
6672, 0.53
6673, 0.43
6674, 0.42
6675, 0.42
6676, 0.58
6677, 0.47
6678, 0.57
6679, 0.52
6680, 0.41
6681, 0.41
6682, 0.56
6683, 0.42
6684, 0.54
6685, 0.46
6686, 0.48
6687, 0.55
6688, 0.52
6689, 0.72
6690, 0.50
6691, 0.51
6692, 0.61
6693, 0.52
6694, 0.41
6695, 0.42
6696, 0.68
6697, 0.44
6698, 0.52
6699, 0.52
6700, 0.52
6701, 0.53
6702, 0.43
6703, 0.49
6704, 0.53
6705, 0.46
6706, 0.51
6707, 0.49
6708, 0.49
6709, 0.52
6710, 0.36
6711, 0.51
6712, 0.49
6713, 0.51
6714, 0.41
6715, 0.48
6716, 0.50
6717, 0.40
6718, 0.43
6719, 0.47
6720, 0.37
6721, 0.52
6722, 0.47
6723, 0.67
6724, 0.53
6725, 0.47
6726, 0.48
6727, 0.47
6728, 0.45
6729, 0.74
6730, 0.52
6731, 0.50
6732, 0.69
6733, 0.48
6734, 0.51
6735, 0.57
6736, 0.52
6737, 0.50
6738, 0.48
6739, 0.47
6740, 0.54
6741, 0.51
6742, 0.35
6743, 0.39
6744, 0.69
6745, 0.66
6746, 0.42
6747, 0.43
6748, 0.52
6749, 0.57
6750, 0.50
6751, 0.35
6752, 0.51
6753, 0.45
6754, 0.43
6755, 0.44
6756, 0.47
6757, 0.54
6758, 0.48
6759, 0.44
6760, 0.50
6761, 0.45
6762, 0.39
6763, 0.57
6764, 0.41
6765, 0.47
6766, 0.49
6767, 0.54
6768, 0.52
6769, 0.41
6770, 0.63
6771, 0.49
6772, 0.53
6773, 0.36
6774, 0.39
6775, 0.58
6776, 0.53
6777, 0.54
6778, 0.51
6779, 0.43
6780, 0.54
6781, 0.73
6782, 0.36
6783, 0.46
6784, 0.65
6785, 0.30
6786, 0.48
6787, 0.50
6788, 0.50
6789, 0.69
6790, 0.39
6791, 0.52
6792, 0.73
6793, 0.34
6794, 0.37
6795, 0.57
6796, 0.64
6797, 0.49
6798, 0.74
6799, 0.38
6800, 0.63
6801, 0.66
6802, 0.52
6803, 0.52
6804, 0.31
6805, 0.59
6806, 0.51
6807, 0.51
6808, 0.37
6809, 0.36
6810, 0.41
6811, 0.56
6812, 0.50
6813, 0.43
6814, 0.46
6815, 0.44
6816, 0.52
6817, 0.49
6818, 0.47
6819, 0.57
6820, 0.44
6821, 0.64
6822, 0.39
6823, 0.51
6824, 0.43
6825, 0.54
6826, 0.58
6827, 0.31
6828, 0.43
6829, 0.49
6830, 0.35
6831, 0.72
6832, 0.44
6833, 0.65
6834, 0.49
6835, 0.42
6836, 0.52
6837, 0.37
6838, 0.50
6839, 0.45
6840, 0.42
6841, 0.49
6842, 0.52
6843, 0.41
6844, 0.45
6845, 0.47
6846, 0.48
6847, 0.74
6848, 0.45
6849, 0.51
6850, 0.53
6851, 0.45
6852, 0.51
6853, 0.46
6854, 0.56
6855, 0.52
6856, 0.49
6857, 0.46
6858, 0.48
6859, 0.50
6860, 0.47
6861, 0.69
6862, 0.72
6863, 0.44
6864, 0.51
6865, 0.34
6866, 0.53
6867, 0.46
6868, 0.52
6869, 0.49
6870, 0.49
6871, 0.45
6872, 0.51
6873, 0.61
6874, 0.53
6875, 0.53
6876, 0.45
6877, 0.38
6878, 0.49
6879, 0.47
6880, 0.52
6881, 0.49
6882, 0.52
6883, 0.51
6884, 0.50
6885, 0.42
6886, 0.46
6887, 0.48
6888, 0.51
6889, 0.43
6890, 0.60
6891, 0.52
6892, 0.74
6893, 0.52
6894, 0.62
6895, 0.71
6896, 0.40
6897, 0.63
6898, 0.47
6899, 0.47
6900, 0.73
6901, 0.51
6902, 0.51
6903, 0.44
6904, 0.44
6905, 0.51
6906, 0.40
6907, 0.37
6908, 0.45
6909, 0.36
6910, 0.47
6911, 0.61
6912, 0.47
6913, 0.50
6914, 0.49
6915, 0.44
6916, 0.44
6917, 0.49
6918, 0.53
6919, 0.50
6920, 0.46
6921, 0.50
6922, 0.54
6923, 0.38
6924, 0.52
6925, 0.42
6926, 0.51
6927, 0.40
6928, 0.51
6929, 0.43
6930, 0.45
6931, 0.61
6932, 0.67
6933, 0.51
6934, 0.47
6935, 0.50
6936, 0.75
6937, 0.52
6938, 0.46
6939, 0.36
6940, 0.69
6941, 0.54
6942, 0.49
6943, 0.45
6944, 0.47
6945, 0.50
6946, 0.43
6947, 0.55
6948, 0.39
6949, 0.75
6950, 0.50
6951, 0.58
6952, 0.54
6953, 0.46
6954, 0.49
6955, 0.47
6956, 0.39
6957, 0.42
6958, 0.30
6959, 0.51
6960, 0.42
6961, 0.76
6962, 0.43
6963, 0.49
6964, 0.52
6965, 0.69
6966, 0.35
6967, 0.45
6968, 0.50
6969, 0.50
6970, 0.51
6971, 0.40
6972, 0.51
6973, 0.48
6974, 0.57
6975, 0.55
6976, 0.48
6977, 0.42
6978, 0.51
6979, 0.35
6980, 0.52
6981, 0.32
6982, 0.49
6983, 0.54
6984, 0.51
6985, 0.31
6986, 0.44
6987, 0.54
6988, 0.51
6989, 0.58
6990, 0.46
6991, 0.47
6992, 0.42
6993, 0.52
6994, 0.51
6995, 0.65
6996, 0.54
6997, 0.74
6998, 0.51
6999, 0.50
7000, 0.49
7001, 0.57
7002, 0.52
7003, 0.49
7004, 0.70
7005, 0.58
7006, 0.49
7007, 0.48
7008, 0.49
7009, 0.50
7010, 0.52
7011, 0.48
7012, 0.46
7013, 0.66
7014, 0.49
7015, 0.50
7016, 0.46
7017, 0.51
7018, 0.45
7019, 0.50
7020, 0.50
7021, 0.46
7022, 0.36
7023, 0.50
7024, 0.51
7025, 0.50
7026, 0.53
7027, 0.40
7028, 0.48
7029, 0.50
7030, 0.51
7031, 0.52
7032, 0.51
7033, 0.41
7034, 0.54
7035, 0.54
7036, 0.58
7037, 0.36
7038, 0.52
7039, 0.53
7040, 0.53
7041, 0.46
7042, 0.46
7043, 0.42
7044, 0.44
7045, 0.52
7046, 0.48
7047, 0.38
7048, 0.54
7049, 0.56
7050, 0.49
7051, 0.49
7052, 0.45
7053, 0.50
7054, 0.51
7055, 0.51
7056, 0.49
7057, 0.42
7058, 0.52
7059, 0.36
7060, 0.48
7061, 0.42
7062, 0.50
7063, 0.46
7064, 0.44
7065, 0.74
7066, 0.45
7067, 0.51
7068, 0.43
7069, 0.48
7070, 0.53
7071, 0.50
7072, 0.64
7073, 0.37
7074, 0.46
7075, 0.30
7076, 0.48
7077, 0.32
7078, 0.45
7079, 0.71
7080, 0.66
7081, 0.48
7082, 0.38
7083, 0.46
7084, 0.47
7085, 0.39
7086, 0.49
7087, 0.69
7088, 0.54
7089, 0.45
7090, 0.42
7091, 0.54
7092, 0.51
7093, 0.46
7094, 0.34
7095, 0.45
7096, 0.53
7097, 0.52
7098, 0.46
7099, 0.39
7100, 0.52
7101, 0.43
7102, 0.54
7103, 0.38
7104, 0.41
7105, 0.53
7106, 0.70
7107, 0.49
7108, 0.53
7109, 0.49
7110, 0.40
7111, 0.51
7112, 0.45
7113, 0.48
7114, 0.51
7115, 0.46
7116, 0.51
7117, 0.49
7118, 0.52
7119, 0.59
7120, 0.48
7121, 0.36
7122, 0.39
7123, 0.67
7124, 0.46
7125, 0.30
7126, 0.46
7127, 0.49
7128, 0.42
7129, 0.50
7130, 0.65
7131, 0.57
7132, 0.44
7133, 0.30
7134, 0.38
7135, 0.51
7136, 0.49
7137, 0.32
7138, 0.52
7139, 0.52
7140, 0.36
7141, 0.40
7142, 0.49
7143, 0.44
7144, 0.44
7145, 0.51
7146, 0.47
7147, 0.35
7148, 0.49
7149, 0.42
7150, 0.51
7151, 0.46
7152, 0.45
7153, 0.45
7154, 0.47
7155, 0.61
7156, 0.47
7157, 0.46
7158, 0.50
7159, 0.53
7160, 0.47
7161, 0.34
7162, 0.40
7163, 0.46
7164, 0.56
7165, 0.58
7166, 0.69
7167, 0.48
7168, 0.42
7169, 0.43
7170, 0.57
7171, 0.36
7172, 0.50
7173, 0.44
7174, 0.47
7175, 0.49
7176, 0.58
7177, 0.49
7178, 0.53
7179, 0.74
7180, 0.63
7181, 0.63
7182, 0.43
7183, 0.68
7184, 0.47
7185, 0.53
7186, 0.36
7187, 0.47
7188, 0.42
7189, 0.53
7190, 0.53
7191, 0.44
7192, 0.64
7193, 0.51
7194, 0.50
7195, 0.56
7196, 0.53
7197, 0.34
7198, 0.49
7199, 0.45
7200, 0.69
7201, 0.50
7202, 0.48
7203, 0.40
7204, 0.43
7205, 0.50
7206, 0.42
7207, 0.51
7208, 0.55
7209, 0.50
7210, 0.51
7211, 0.48
7212, 0.36
7213, 0.56
7214, 0.51
7215, 0.41
7216, 0.72
7217, 0.72
7218, 0.54
7219, 0.52
7220, 0.49
7221, 0.49
7222, 0.68
7223, 0.44
7224, 0.52
7225, 0.65
7226, 0.46
7227, 0.38
7228, 0.46
7229, 0.47
7230, 0.43
7231, 0.52
7232, 0.45
7233, 0.49
7234, 0.50
7235, 0.35
7236, 0.50
7237, 0.52
7238, 0.44
7239, 0.35
7240, 0.41
7241, 0.53
7242, 0.51
7243, 0.48
7244, 0.52
7245, 0.44
7246, 0.51
7247, 0.47
7248, 0.43
7249, 0.50
7250, 0.51
7251, 0.51
7252, 0.58
7253, 0.53
7254, 0.43
7255, 0.72
7256, 0.52
7257, 0.44
7258, 0.64
7259, 0.48
7260, 0.40
7261, 0.36
7262, 0.57
7263, 0.52
7264, 0.52
7265, 0.48
7266, 0.42
7267, 0.69
7268, 0.47
7269, 0.54
7270, 0.44
7271, 0.52
7272, 0.40
7273, 0.44
7274, 0.62
7275, 0.63
7276, 0.52
7277, 0.51
7278, 0.50
7279, 0.49
7280, 0.50
7281, 0.46
7282, 0.47
7283, 0.46
7284, 0.52
7285, 0.54
7286, 0.51
7287, 0.56
7288, 0.49
7289, 0.51
7290, 0.48
7291, 0.48
7292, 0.48
7293, 0.52
7294, 0.35
7295, 0.37
7296, 0.59
7297, 0.56
7298, 0.65
7299, 0.48
7300, 0.50
7301, 0.46
7302, 0.54
7303, 0.46
7304, 0.31
7305, 0.57
7306, 0.53
7307, 0.50
7308, 0.47
7309, 0.44
7310, 0.56
7311, 0.48
7312, 0.50
7313, 0.52
7314, 0.46
7315, 0.49
7316, 0.44
7317, 0.50
7318, 0.44
7319, 0.52
7320, 0.38
7321, 0.52
7322, 0.65
7323, 0.45
7324, 0.62
7325, 0.50
7326, 0.51
7327, 0.50
7328, 0.47
7329, 0.51
7330, 0.48
7331, 0.52
7332, 0.45
7333, 0.53
7334, 0.55
7335, 0.52
7336, 0.51
7337, 0.51
7338, 0.49
7339, 0.48
7340, 0.45
7341, 0.47
7342, 0.64
7343, 0.56
7344, 0.45
7345, 0.36
7346, 0.49
7347, 0.47
7348, 0.45
7349, 0.73
7350, 0.44
7351, 0.56
7352, 0.50
7353, 0.43
7354, 0.69
7355, 0.69
7356, 0.46
7357, 0.49
7358, 0.54
7359, 0.52
7360, 0.48
7361, 0.55
7362, 0.64
7363, 0.50
7364, 0.47
7365, 0.44
7366, 0.50
7367, 0.65
7368, 0.47
7369, 0.50
7370, 0.49
7371, 0.45
7372, 0.45
7373, 0.72
7374, 0.48
7375, 0.50
7376, 0.74
7377, 0.44
7378, 0.48
7379, 0.50
7380, 0.51
7381, 0.48
7382, 0.43
7383, 0.50
7384, 0.57
7385, 0.43
7386, 0.51
7387, 0.51
7388, 0.53
7389, 0.70
7390, 0.53
7391, 0.46
7392, 0.51
7393, 0.48
7394, 0.67
7395, 0.51
7396, 0.47
7397, 0.50
7398, 0.50
7399, 0.43
7400, 0.51
7401, 0.68
7402, 0.55
7403, 0.46
7404, 0.47
7405, 0.47
7406, 0.48
7407, 0.51
7408, 0.52
7409, 0.31
7410, 0.40
7411, 0.38
7412, 0.49
7413, 0.42
7414, 0.56
7415, 0.52
7416, 0.31
7417, 0.71
7418, 0.44
7419, 0.50
7420, 0.68
7421, 0.44
