Id,Predicted
0, 0.36
1, 0.20
2, 0.53
3, 0.33
4, 0.82
5, 0.30
6, 0.56
7, 0.34
8, 0.45
9, 0.55
10, 0.51
11, 0.50
12, 0.45
13, 0.53
14, 0.80
15, 0.84
16, 0.79
17, 0.59
18, 0.53
19, 0.28
20, 0.46
21, 0.72
22, 0.42
23, 0.51
24, 0.49
25, 0.51
26, 0.57
27, 0.44
28, 0.54
29, 0.52
30, 0.52
31, 0.47
32, 0.58
33, 0.22
34, 0.49
35, 0.31
36, 0.46
37, 0.47
38, 0.41
39, 0.70
40, 0.59
41, 0.38
42, 0.56
43, 0.41
44, 0.75
45, 0.53
46, 0.52
47, 0.26
48, 0.48
49, 0.48
50, 0.31
51, 0.27
52, 0.15
53, 0.35
54, 0.42
55, 0.50
56, 0.49
57, 0.35
58, 0.22
59, 0.52
60, 0.58
61, 0.39
62, 0.25
63, 0.75
64, 0.79
65, 0.44
66, 0.65
67, 0.46
68, 0.23
69, 0.49
70, 0.58
71, 0.87
72, 0.74
73, 0.44
74, 0.24
75, 0.58
76, 0.52
77, 0.49
78, 0.45
79, 0.21
80, 0.55
81, 0.49
82, 0.51
83, 0.86
84, 0.56
85, 0.61
86, 0.53
87, 0.46
88, 0.52
89, 0.87
90, 0.48
91, 0.82
92, 0.58
93, 0.49
94, 0.72
95, 0.48
96, 0.18
97, 0.49
98, 0.82
99, 0.41
100, 0.52
101, 0.52
102, 0.20
103, 0.54
104, 0.59
105, 0.47
106, 0.42
107, 0.39
108, 0.44
109, 0.62
110, 0.20
111, 0.54
112, 0.35
113, 0.57
114, 0.50
115, 0.51
116, 0.48
117, 0.56
118, 0.26
119, 0.43
120, 0.28
121, 0.68
122, 0.49
123, 0.44
124, 0.45
125, 0.25
126, 0.58
127, 0.62
128, 0.57
129, 0.41
130, 0.23
131, 0.73
132, 0.27
133, 0.45
134, 0.49
135, 0.63
136, 0.34
137, 0.16
138, 0.52
139, 0.60
140, 0.52
141, 0.47
142, 0.63
143, 0.78
144, 0.81
145, 0.53
146, 0.44
147, 0.47
148, 0.44
149, 0.28
150, 0.37
151, 0.82
152, 0.23
153, 0.28
154, 0.50
155, 0.54
156, 0.40
157, 0.59
158, 0.50
159, 0.29
160, 0.50
161, 0.54
162, 0.65
163, 0.35
164, 0.47
165, 0.65
166, 0.36
167, 0.44
168, 0.85
169, 0.38
170, 0.42
171, 0.49
172, 0.72
173, 0.56
174, 0.38
175, 0.56
176, 0.29
177, 0.24
178, 0.57
179, 0.40
180, 0.39
181, 0.50
182, 0.68
183, 0.47
184, 0.32
185, 0.48
186, 0.50
187, 0.49
188, 0.59
189, 0.53
190, 0.67
191, 0.48
192, 0.54
193, 0.45
194, 0.33
195, 0.27
196, 0.48
197, 0.61
198, 0.29
199, 0.21
200, 0.44
201, 0.42
202, 0.46
203, 0.46
204, 0.72
205, 0.31
206, 0.23
207, 0.41
208, 0.80
209, 0.51
210, 0.36
211, 0.57
212, 0.37
213, 0.48
214, 0.38
215, 0.54
216, 0.56
217, 0.52
218, 0.43
219, 0.29
220, 0.28
221, 0.50
222, 0.37
223, 0.35
224, 0.50
225, 0.53
226, 0.41
227, 0.69
228, 0.58
229, 0.38
230, 0.15
231, 0.27
232, 0.50
233, 0.42
234, 0.39
235, 0.29
236, 0.56
237, 0.27
238, 0.54
239, 0.40
240, 0.46
241, 0.49
242, 0.22
243, 0.33
244, 0.51
245, 0.44
246, 0.52
247, 0.55
248, 0.51
249, 0.25
250, 0.77
251, 0.52
252, 0.47
253, 0.25
254, 0.46
255, 0.49
256, 0.55
257, 0.54
258, 0.53
259, 0.43
260, 0.20
261, 0.16
262, 0.36
263, 0.84
264, 0.49
265, 0.52
266, 0.42
267, 0.66
268, 0.42
269, 0.49
270, 0.53
271, 0.52
272, 0.48
273, 0.45
274, 0.64
275, 0.51
276, 0.38
277, 0.22
278, 0.59
279, 0.32
280, 0.85
281, 0.64
282, 0.89
283, 0.43
284, 0.60
285, 0.56
286, 0.48
287, 0.49
288, 0.85
289, 0.52
290, 0.55
291, 0.33
292, 0.76
293, 0.41
294, 0.33
295, 0.49
296, 0.28
297, 0.42
298, 0.53
299, 0.47
300, 0.46
301, 0.51
302, 0.38
303, 0.47
304, 0.45
305, 0.52
306, 0.45
307, 0.52
308, 0.45
309, 0.45
310, 0.53
311, 0.29
312, 0.86
313, 0.38
314, 0.51
315, 0.51
316, 0.54
317, 0.60
318, 0.39
319, 0.22
320, 0.27
321, 0.89
322, 0.23
323, 0.26
324, 0.59
325, 0.67
326, 0.53
327, 0.40
328, 0.38
329, 0.52
330, 0.49
331, 0.54
332, 0.27
333, 0.25
334, 0.84
335, 0.54
336, 0.38
337, 0.54
338, 0.50
339, 0.58
340, 0.53
341, 0.43
342, 0.41
343, 0.27
344, 0.81
345, 0.55
346, 0.39
347, 0.42
348, 0.40
349, 0.50
350, 0.76
351, 0.35
352, 0.57
353, 0.58
354, 0.50
355, 0.57
356, 0.45
357, 0.42
358, 0.41
359, 0.47
360, 0.36
361, 0.60
362, 0.47
363, 0.53
364, 0.50
365, 0.59
366, 0.55
367, 0.73
368, 0.46
369, 0.32
370, 0.44
371, 0.61
372, 0.42
373, 0.66
374, 0.77
375, 0.54
376, 0.50
377, 0.47
378, 0.52
379, 0.46
380, 0.53
381, 0.38
382, 0.26
383, 0.58
384, 0.56
385, 0.39
386, 0.26
387, 0.46
388, 0.59
389, 0.33
390, 0.80
391, 0.49
392, 0.58
393, 0.42
394, 0.52
395, 0.51
396, 0.52
397, 0.37
398, 0.48
399, 0.68
400, 0.55
401, 0.53
402, 0.51
403, 0.61
404, 0.27
405, 0.59
406, 0.36
407, 0.50
408, 0.35
409, 0.39
410, 0.25
411, 0.43
412, 0.48
413, 0.54
414, 0.20
415, 0.42
416, 0.41
417, 0.77
418, 0.48
419, 0.39
420, 0.56
421, 0.51
422, 0.47
423, 0.50
424, 0.85
425, 0.60
426, 0.52
427, 0.65
428, 0.86
429, 0.33
430, 0.45
431, 0.51
432, 0.61
433, 0.30
434, 0.89
435, 0.58
436, 0.46
437, 0.49
438, 0.47
439, 0.25
440, 0.77
441, 0.56
442, 0.29
443, 0.38
444, 0.63
445, 0.45
446, 0.51
447, 0.26
448, 0.45
449, 0.68
450, 0.35
451, 0.31
452, 0.60
453, 0.52
454, 0.48
455, 0.37
456, 0.42
457, 0.43
458, 0.54
459, 0.46
460, 0.65
461, 0.57
462, 0.57
463, 0.84
464, 0.82
465, 0.45
466, 0.55
467, 0.43
468, 0.80
469, 0.47
470, 0.47
471, 0.48
472, 0.36
473, 0.54
474, 0.76
475, 0.69
476, 0.88
477, 0.51
478, 0.25
479, 0.35
480, 0.48
481, 0.80
482, 0.86
483, 0.55
484, 0.35
485, 0.58
486, 0.29
487, 0.83
488, 0.44
489, 0.36
490, 0.29
491, 0.33
492, 0.44
493, 0.54
494, 0.47
495, 0.31
496, 0.18
497, 0.47
498, 0.68
499, 0.68
500, 0.69
501, 0.39
502, 0.29
503, 0.52
504, 0.59
505, 0.89
506, 0.53
507, 0.86
508, 0.52
509, 0.42
510, 0.56
511, 0.55
512, 0.42
513, 0.41
514, 0.42
515, 0.60
516, 0.23
517, 0.64
518, 0.35
519, 0.36
520, 0.30
521, 0.50
522, 0.35
523, 0.49
524, 0.51
525, 0.47
526, 0.44
527, 0.58
528, 0.54
529, 0.44
530, 0.46
531, 0.48
532, 0.40
533, 0.54
534, 0.35
535, 0.45
536, 0.43
537, 0.47
538, 0.54
539, 0.39
540, 0.81
541, 0.44
542, 0.56
543, 0.88
544, 0.49
545, 0.50
546, 0.83
547, 0.49
548, 0.40
549, 0.40
550, 0.42
551, 0.37
552, 0.83
553, 0.18
554, 0.60
555, 0.44
556, 0.27
557, 0.84
558, 0.57
559, 0.59
560, 0.51
561, 0.39
562, 0.65
563, 0.90
564, 0.44
565, 0.81
566, 0.31
567, 0.72
568, 0.29
569, 0.80
570, 0.48
571, 0.43
572, 0.62
573, 0.14
574, 0.51
575, 0.57
576, 0.62
577, 0.65
578, 0.51
579, 0.62
580, 0.49
581, 0.51
582, 0.40
583, 0.50
584, 0.39
585, 0.48
586, 0.29
587, 0.50
588, 0.40
589, 0.25
590, 0.42
591, 0.50
592, 0.58
593, 0.86
594, 0.47
595, 0.71
596, 0.43
597, 0.54
598, 0.51
599, 0.56
600, 0.53
601, 0.92
602, 0.68
603, 0.39
604, 0.61
605, 0.25
606, 0.34
607, 0.23
608, 0.85
609, 0.43
610, 0.49
611, 0.55
612, 0.42
613, 0.38
614, 0.53
615, 0.37
616, 0.41
617, 0.53
618, 0.35
619, 0.23
620, 0.52
621, 0.58
622, 0.46
623, 0.51
624, 0.37
625, 0.48
626, 0.36
627, 0.85
628, 0.53
629, 0.57
630, 0.52
631, 0.39
632, 0.29
633, 0.52
634, 0.77
635, 0.45
636, 0.88
637, 0.50
638, 0.32
639, 0.53
640, 0.31
641, 0.56
642, 0.58
643, 0.55
644, 0.58
645, 0.49
646, 0.33
647, 0.39
648, 0.81
649, 0.54
650, 0.34
651, 0.49
652, 0.59
653, 0.65
654, 0.78
655, 0.35
656, 0.59
657, 0.45
658, 0.39
659, 0.43
660, 0.84
661, 0.52
662, 0.51
663, 0.48
664, 0.39
665, 0.33
666, 0.37
667, 0.81
668, 0.52
669, 0.79
670, 0.49
671, 0.55
672, 0.85
673, 0.60
674, 0.48
675, 0.88
676, 0.29
677, 0.43
678, 0.20
679, 0.54
680, 0.87
681, 0.78
682, 0.47
683, 0.46
684, 0.44
685, 0.47
686, 0.49
687, 0.52
688, 0.33
689, 0.38
690, 0.57
691, 0.58
692, 0.49
693, 0.39
694, 0.63
695, 0.44
696, 0.60
697, 0.48
698, 0.43
699, 0.50
700, 0.34
701, 0.31
702, 0.46
703, 0.46
704, 0.31
705, 0.44
706, 0.33
707, 0.20
708, 0.35
709, 0.35
710, 0.85
711, 0.42
712, 0.51
713, 0.46
714, 0.48
715, 0.37
716, 0.32
717, 0.37
718, 0.43
719, 0.53
720, 0.24
721, 0.57
722, 0.29
723, 0.46
724, 0.35
725, 0.46
726, 0.48
727, 0.54
728, 0.47
729, 0.36
730, 0.36
731, 0.24
732, 0.43
733, 0.86
734, 0.34
735, 0.44
736, 0.57
737, 0.20
738, 0.52
739, 0.29
740, 0.47
741, 0.13
742, 0.41
743, 0.27
744, 0.76
745, 0.49
746, 0.35
747, 0.44
748, 0.36
749, 0.73
750, 0.49
751, 0.41
752, 0.56
753, 0.75
754, 0.49
755, 0.34
756, 0.52
757, 0.66
758, 0.25
759, 0.55
760, 0.16
761, 0.55
762, 0.43
763, 0.33
764, 0.34
765, 0.35
766, 0.67
767, 0.40
768, 0.34
769, 0.48
770, 0.56
771, 0.56
772, 0.46
773, 0.56
774, 0.47
775, 0.56
776, 0.63
777, 0.44
778, 0.55
779, 0.51
780, 0.49
781, 0.52
782, 0.67
783, 0.40
784, 0.59
785, 0.36
786, 0.46
787, 0.36
788, 0.75
789, 0.23
790, 0.38
791, 0.56
792, 0.45
793, 0.35
794, 0.47
795, 0.40
796, 0.25
797, 0.50
798, 0.55
799, 0.83
800, 0.54
801, 0.70
802, 0.48
803, 0.73
804, 0.38
805, 0.39
806, 0.45
807, 0.61
808, 0.23
809, 0.24
810, 0.42
811, 0.47
812, 0.79
813, 0.22
814, 0.46
815, 0.36
816, 0.53
817, 0.39
818, 0.56
819, 0.50
820, 0.51
821, 0.25
822, 0.63
823, 0.50
824, 0.32
825, 0.32
826, 0.53
827, 0.60
828, 0.76
829, 0.52
830, 0.28
831, 0.59
832, 0.43
833, 0.52
834, 0.49
835, 0.46
836, 0.67
837, 0.46
838, 0.59
839, 0.52
840, 0.32
841, 0.48
842, 0.39
843, 0.55
844, 0.31
845, 0.39
846, 0.61
847, 0.20
848, 0.38
849, 0.48
850, 0.28
851, 0.52
852, 0.35
853, 0.56
854, 0.56
855, 0.87
856, 0.41
857, 0.44
858, 0.47
859, 0.58
860, 0.62
861, 0.47
862, 0.63
863, 0.45
864, 0.63
865, 0.52
866, 0.43
867, 0.25
868, 0.55
869, 0.42
870, 0.29
871, 0.56
872, 0.79
873, 0.81
874, 0.30
875, 0.21
876, 0.43
877, 0.48
878, 0.41
879, 0.60
880, 0.57
881, 0.43
882, 0.39
883, 0.48
884, 0.36
885, 0.41
886, 0.85
887, 0.43
888, 0.60
889, 0.41
890, 0.74
891, 0.45
892, 0.63
893, 0.34
894, 0.82
895, 0.54
896, 0.50
897, 0.48
898, 0.55
899, 0.28
900, 0.49
901, 0.59
902, 0.50
903, 0.47
904, 0.84
905, 0.88
906, 0.44
907, 0.53
908, 0.30
909, 0.47
910, 0.69
911, 0.60
912, 0.29
913, 0.41
914, 0.24
915, 0.41
916, 0.54
917, 0.90
918, 0.39
919, 0.58
920, 0.46
921, 0.48
922, 0.41
923, 0.57
924, 0.64
925, 0.47
926, 0.42
927, 0.87
928, 0.25
929, 0.73
930, 0.51
931, 0.41
932, 0.39
933, 0.44
934, 0.49
935, 0.36
936, 0.50
937, 0.36
938, 0.48
939, 0.68
940, 0.51
941, 0.24
942, 0.41
943, 0.54
944, 0.42
945, 0.39
946, 0.50
947, 0.87
948, 0.34
949, 0.45
950, 0.54
951, 0.48
952, 0.36
953, 0.56
954, 0.39
955, 0.37
956, 0.48
957, 0.51
958, 0.50
959, 0.37
960, 0.32
961, 0.48
962, 0.52
963, 0.61
964, 0.46
965, 0.36
966, 0.44
967, 0.56
968, 0.40
969, 0.54
970, 0.38
971, 0.18
972, 0.56
973, 0.17
974, 0.56
975, 0.58
976, 0.58
977, 0.54
978, 0.43
979, 0.50
980, 0.51
981, 0.50
982, 0.52
983, 0.53
984, 0.42
985, 0.44
986, 0.42
987, 0.49
988, 0.55
989, 0.47
990, 0.30
991, 0.36
992, 0.43
993, 0.39
994, 0.27
995, 0.41
996, 0.50
997, 0.48
998, 0.35
999, 0.51
1000, 0.42
1001, 0.44
1002, 0.38
1003, 0.53
1004, 0.86
1005, 0.44
1006, 0.35
1007, 0.82
1008, 0.46
1009, 0.35
1010, 0.38
1011, 0.40
1012, 0.53
1013, 0.46
1014, 0.18
1015, 0.41
1016, 0.60
1017, 0.49
1018, 0.49
1019, 0.64
1020, 0.31
1021, 0.61
1022, 0.48
1023, 0.49
1024, 0.50
1025, 0.33
1026, 0.85
1027, 0.67
1028, 0.89
1029, 0.48
1030, 0.39
1031, 0.75
1032, 0.48
1033, 0.45
1034, 0.55
1035, 0.75
1036, 0.51
1037, 0.45
1038, 0.50
1039, 0.57
1040, 0.53
1041, 0.60
1042, 0.84
1043, 0.44
1044, 0.42
1045, 0.67
1046, 0.40
1047, 0.40
1048, 0.38
1049, 0.35
1050, 0.36
1051, 0.71
1052, 0.59
1053, 0.25
1054, 0.29
1055, 0.84
1056, 0.16
1057, 0.35
1058, 0.54
1059, 0.51
1060, 0.60
1061, 0.49
1062, 0.49
1063, 0.54
1064, 0.85
1065, 0.47
1066, 0.93
1067, 0.36
1068, 0.43
1069, 0.55
1070, 0.68
1071, 0.52
1072, 0.58
1073, 0.65
1074, 0.25
1075, 0.26
1076, 0.40
1077, 0.42
1078, 0.43
1079, 0.24
1080, 0.31
1081, 0.39
1082, 0.45
1083, 0.85
1084, 0.56
1085, 0.61
1086, 0.43
1087, 0.50
1088, 0.58
1089, 0.51
1090, 0.54
1091, 0.48
1092, 0.33
1093, 0.45
1094, 0.37
1095, 0.52
1096, 0.43
1097, 0.46
1098, 0.62
1099, 0.44
1100, 0.58
1101, 0.40
1102, 0.60
1103, 0.49
1104, 0.46
1105, 0.48
1106, 0.33
1107, 0.45
1108, 0.34
1109, 0.31
1110, 0.53
1111, 0.39
1112, 0.49
1113, 0.54
1114, 0.78
1115, 0.57
1116, 0.46
1117, 0.32
1118, 0.50
1119, 0.66
1120, 0.76
1121, 0.35
1122, 0.43
1123, 0.58
1124, 0.77
1125, 0.38
1126, 0.42
1127, 0.43
1128, 0.61
1129, 0.30
1130, 0.50
1131, 0.46
1132, 0.53
1133, 0.50
1134, 0.43
1135, 0.33
1136, 0.37
1137, 0.40
1138, 0.52
1139, 0.44
1140, 0.77
1141, 0.26
1142, 0.34
1143, 0.65
1144, 0.55
1145, 0.42
1146, 0.48
1147, 0.33
1148, 0.82
1149, 0.85
1150, 0.50
1151, 0.37
1152, 0.81
1153, 0.30
1154, 0.26
1155, 0.23
1156, 0.30
1157, 0.42
1158, 0.46
1159, 0.55
1160, 0.53
1161, 0.46
1162, 0.46
1163, 0.46
1164, 0.41
1165, 0.83
1166, 0.51
1167, 0.50
1168, 0.55
1169, 0.52
1170, 0.40
1171, 0.49
1172, 0.85
1173, 0.46
1174, 0.88
1175, 0.55
1176, 0.55
1177, 0.43
1178, 0.46
1179, 0.47
1180, 0.38
1181, 0.42
1182, 0.37
1183, 0.51
1184, 0.67
1185, 0.52
1186, 0.84
1187, 0.59
1188, 0.40
1189, 0.51
1190, 0.45
1191, 0.82
1192, 0.44
1193, 0.62
1194, 0.52
1195, 0.53
1196, 0.43
1197, 0.37
1198, 0.47
1199, 0.85
1200, 0.44
1201, 0.44
1202, 0.41
1203, 0.88
1204, 0.50
1205, 0.46
1206, 0.44
1207, 0.47
1208, 0.37
1209, 0.27
1210, 0.50
1211, 0.65
1212, 0.56
1213, 0.63
1214, 0.44
1215, 0.54
1216, 0.53
1217, 0.16
1218, 0.44
1219, 0.51
1220, 0.21
1221, 0.76
1222, 0.56
1223, 0.57
1224, 0.67
1225, 0.35
1226, 0.50
1227, 0.27
1228, 0.59
1229, 0.52
1230, 0.60
1231, 0.54
1232, 0.59
1233, 0.46
1234, 0.61
1235, 0.47
1236, 0.54
1237, 0.42
1238, 0.57
1239, 0.28
1240, 0.51
1241, 0.33
1242, 0.54
1243, 0.68
1244, 0.45
1245, 0.57
1246, 0.43
1247, 0.23
1248, 0.67
1249, 0.46
1250, 0.50
1251, 0.51
1252, 0.61
1253, 0.52
1254, 0.45
1255, 0.51
1256, 0.86
1257, 0.77
1258, 0.62
1259, 0.44
1260, 0.30
1261, 0.53
1262, 0.39
1263, 0.43
1264, 0.52
1265, 0.53
1266, 0.58
1267, 0.45
1268, 0.54
1269, 0.39
1270, 0.26
1271, 0.40
1272, 0.52
1273, 0.84
1274, 0.52
1275, 0.37
1276, 0.47
1277, 0.35
1278, 0.51
1279, 0.79
1280, 0.36
1281, 0.48
1282, 0.42
1283, 0.54
1284, 0.63
1285, 0.76
1286, 0.69
1287, 0.69
1288, 0.56
1289, 0.43
1290, 0.52
1291, 0.84
1292, 0.40
1293, 0.89
1294, 0.53
1295, 0.58
1296, 0.44
1297, 0.60
1298, 0.40
1299, 0.44
1300, 0.39
1301, 0.61
1302, 0.32
1303, 0.46
1304, 0.31
1305, 0.50
1306, 0.91
1307, 0.51
1308, 0.44
1309, 0.33
1310, 0.41
1311, 0.46
1312, 0.16
1313, 0.39
1314, 0.40
1315, 0.85
1316, 0.34
1317, 0.21
1318, 0.51
1319, 0.53
1320, 0.43
1321, 0.47
1322, 0.27
1323, 0.51
1324, 0.34
1325, 0.56
1326, 0.49
1327, 0.41
1328, 0.77
1329, 0.69
1330, 0.42
1331, 0.52
1332, 0.81
1333, 0.40
1334, 0.57
1335, 0.60
1336, 0.43
1337, 0.38
1338, 0.53
1339, 0.84
1340, 0.53
1341, 0.21
1342, 0.40
1343, 0.51
1344, 0.50
1345, 0.83
1346, 0.33
1347, 0.44
1348, 0.41
1349, 0.43
1350, 0.45
1351, 0.43
1352, 0.30
1353, 0.41
1354, 0.59
1355, 0.54
1356, 0.33
1357, 0.47
1358, 0.60
1359, 0.33
1360, 0.45
1361, 0.45
1362, 0.83
1363, 0.42
1364, 0.49
1365, 0.44
1366, 0.47
1367, 0.77
1368, 0.49
1369, 0.55
1370, 0.77
1371, 0.32
1372, 0.52
1373, 0.35
1374, 0.19
1375, 0.88
1376, 0.54
1377, 0.14
1378, 0.46
1379, 0.54
1380, 0.55
1381, 0.45
1382, 0.17
1383, 0.40
1384, 0.48
1385, 0.56
1386, 0.57
1387, 0.42
1388, 0.47
1389, 0.47
1390, 0.59
1391, 0.68
1392, 0.37
1393, 0.51
1394, 0.79
1395, 0.47
1396, 0.56
1397, 0.31
1398, 0.41
1399, 0.50
1400, 0.42
1401, 0.43
1402, 0.44
1403, 0.43
1404, 0.30
1405, 0.27
1406, 0.43
1407, 0.58
1408, 0.51
1409, 0.59
1410, 0.87
1411, 0.47
1412, 0.88
1413, 0.54
1414, 0.54
1415, 0.19
1416, 0.47
1417, 0.48
1418, 0.40
1419, 0.39
1420, 0.49
1421, 0.38
1422, 0.53
1423, 0.42
1424, 0.44
1425, 0.56
1426, 0.57
1427, 0.52
1428, 0.53
1429, 0.24
1430, 0.53
1431, 0.51
1432, 0.60
1433, 0.55
1434, 0.59
1435, 0.27
1436, 0.48
1437, 0.52
1438, 0.25
1439, 0.59
1440, 0.41
1441, 0.45
1442, 0.46
1443, 0.44
1444, 0.57
1445, 0.28
1446, 0.35
1447, 0.17
1448, 0.31
1449, 0.40
1450, 0.53
1451, 0.61
1452, 0.74
1453, 0.77
1454, 0.45
1455, 0.51
1456, 0.42
1457, 0.49
1458, 0.20
1459, 0.44
1460, 0.43
1461, 0.32
1462, 0.50
1463, 0.22
1464, 0.63
1465, 0.26
1466, 0.58
1467, 0.21
1468, 0.56
1469, 0.55
1470, 0.44
1471, 0.52
1472, 0.33
1473, 0.34
1474, 0.43
1475, 0.77
1476, 0.34
1477, 0.46
1478, 0.29
1479, 0.45
1480, 0.69
1481, 0.55
1482, 0.42
1483, 0.63
1484, 0.53
1485, 0.51
1486, 0.48
1487, 0.93
1488, 0.25
1489, 0.58
1490, 0.25
1491, 0.51
1492, 0.58
1493, 0.41
1494, 0.63
1495, 0.86
1496, 0.45
1497, 0.64
1498, 0.25
1499, 0.45
1500, 0.47
1501, 0.49
1502, 0.38
1503, 0.54
1504, 0.50
1505, 0.52
1506, 0.60
1507, 0.55
1508, 0.56
1509, 0.49
1510, 0.55
1511, 0.48
1512, 0.28
1513, 0.39
1514, 0.43
1515, 0.45
1516, 0.41
1517, 0.47
1518, 0.57
1519, 0.30
1520, 0.29
1521, 0.39
1522, 0.43
1523, 0.21
1524, 0.48
1525, 0.61
1526, 0.31
1527, 0.27
1528, 0.55
1529, 0.65
1530, 0.43
1531, 0.82
1532, 0.33
1533, 0.64
1534, 0.60
1535, 0.57
1536, 0.47
1537, 0.62
1538, 0.84
1539, 0.49
1540, 0.52
1541, 0.85
1542, 0.57
1543, 0.31
1544, 0.46
1545, 0.47
1546, 0.57
1547, 0.53
1548, 0.52
1549, 0.64
1550, 0.23
1551, 0.48
1552, 0.57
1553, 0.34
1554, 0.46
1555, 0.27
1556, 0.38
1557, 0.85
1558, 0.45
1559, 0.40
1560, 0.83
1561, 0.51
1562, 0.33
1563, 0.31
1564, 0.77
1565, 0.76
1566, 0.45
1567, 0.57
1568, 0.51
1569, 0.82
1570, 0.50
1571, 0.69
1572, 0.87
1573, 0.26
1574, 0.25
1575, 0.39
1576, 0.77
1577, 0.83
1578, 0.87
1579, 0.43
1580, 0.34
1581, 0.39
1582, 0.41
1583, 0.56
1584, 0.31
1585, 0.58
1586, 0.36
1587, 0.53
1588, 0.51
1589, 0.73
1590, 0.45
1591, 0.83
1592, 0.59
1593, 0.46
1594, 0.44
1595, 0.29
1596, 0.57
1597, 0.59
1598, 0.62
1599, 0.56
1600, 0.24
1601, 0.43
1602, 0.62
1603, 0.46
1604, 0.47
1605, 0.30
1606, 0.52
1607, 0.53
1608, 0.46
1609, 0.45
1610, 0.53
1611, 0.39
1612, 0.42
1613, 0.27
1614, 0.66
1615, 0.80
1616, 0.47
1617, 0.50
1618, 0.66
1619, 0.44
1620, 0.85
1621, 0.54
1622, 0.76
1623, 0.46
1624, 0.63
1625, 0.50
1626, 0.40
1627, 0.66
1628, 0.62
1629, 0.46
1630, 0.66
1631, 0.48
1632, 0.46
1633, 0.35
1634, 0.50
1635, 0.47
1636, 0.79
1637, 0.53
1638, 0.56
1639, 0.31
1640, 0.24
1641, 0.39
1642, 0.82
1643, 0.63
1644, 0.47
1645, 0.40
1646, 0.21
1647, 0.84
1648, 0.56
1649, 0.24
1650, 0.50
1651, 0.42
1652, 0.23
1653, 0.85
1654, 0.32
1655, 0.56
1656, 0.40
1657, 0.40
1658, 0.48
1659, 0.52
1660, 0.57
1661, 0.16
1662, 0.48
1663, 0.55
1664, 0.53
1665, 0.77
1666, 0.42
1667, 0.52
1668, 0.31
1669, 0.52
1670, 0.51
1671, 0.82
1672, 0.35
1673, 0.57
1674, 0.52
1675, 0.16
1676, 0.35
1677, 0.58
1678, 0.52
1679, 0.74
1680, 0.59
1681, 0.60
1682, 0.77
1683, 0.38
1684, 0.40
1685, 0.62
1686, 0.59
1687, 0.54
1688, 0.24
1689, 0.45
1690, 0.57
1691, 0.57
1692, 0.45
1693, 0.15
1694, 0.52
1695, 0.53
1696, 0.50
1697, 0.83
1698, 0.39
1699, 0.44
1700, 0.43
1701, 0.63
1702, 0.63
1703, 0.85
1704, 0.37
1705, 0.49
1706, 0.85
1707, 0.39
1708, 0.49
1709, 0.48
1710, 0.34
1711, 0.51
1712, 0.49
1713, 0.47
1714, 0.48
1715, 0.67
1716, 0.62
1717, 0.52
1718, 0.32
1719, 0.36
1720, 0.39
1721, 0.48
1722, 0.43
1723, 0.34
1724, 0.37
1725, 0.57
1726, 0.75
1727, 0.42
1728, 0.44
1729, 0.76
1730, 0.37
1731, 0.44
1732, 0.57
1733, 0.59
1734, 0.45
1735, 0.46
1736, 0.58
1737, 0.36
1738, 0.79
1739, 0.49
1740, 0.77
1741, 0.54
1742, 0.48
1743, 0.31
1744, 0.32
1745, 0.47
1746, 0.45
1747, 0.45
1748, 0.43
1749, 0.50
1750, 0.57
1751, 0.37
1752, 0.42
1753, 0.62
1754, 0.73
1755, 0.58
1756, 0.38
1757, 0.81
1758, 0.48
1759, 0.60
1760, 0.50
1761, 0.56
1762, 0.43
1763, 0.50
1764, 0.64
1765, 0.60
1766, 0.54
1767, 0.77
1768, 0.32
1769, 0.47
1770, 0.44
1771, 0.43
1772, 0.50
1773, 0.48
1774, 0.52
1775, 0.53
1776, 0.49
1777, 0.47
1778, 0.57
1779, 0.29
1780, 0.83
1781, 0.54
1782, 0.46
1783, 0.45
1784, 0.30
1785, 0.48
1786, 0.44
1787, 0.77
1788, 0.59
1789, 0.46
1790, 0.57
1791, 0.24
1792, 0.51
1793, 0.54
1794, 0.38
1795, 0.16
1796, 0.32
1797, 0.56
1798, 0.32
1799, 0.42
1800, 0.73
1801, 0.51
1802, 0.52
1803, 0.62
1804, 0.42
1805, 0.50
1806, 0.85
1807, 0.59
1808, 0.44
1809, 0.51
1810, 0.62
1811, 0.43
1812, 0.55
1813, 0.64
1814, 0.46
1815, 0.52
1816, 0.21
1817, 0.56
1818, 0.54
1819, 0.47
1820, 0.49
1821, 0.53
1822, 0.46
1823, 0.17
1824, 0.48
1825, 0.49
1826, 0.47
1827, 0.33
1828, 0.22
1829, 0.54
1830, 0.45
1831, 0.50
1832, 0.33
1833, 0.85
1834, 0.54
1835, 0.27
1836, 0.68
1837, 0.44
1838, 0.42
1839, 0.38
1840, 0.39
1841, 0.43
1842, 0.33
1843, 0.33
1844, 0.44
1845, 0.52
1846, 0.60
1847, 0.40
1848, 0.54
1849, 0.38
1850, 0.52
1851, 0.52
1852, 0.49
1853, 0.54
1854, 0.56
1855, 0.43
1856, 0.53
1857, 0.21
1858, 0.33
1859, 0.43
1860, 0.23
1861, 0.46
1862, 0.74
1863, 0.17
1864, 0.42
1865, 0.55
1866, 0.57
1867, 0.48
1868, 0.40
1869, 0.57
1870, 0.32
1871, 0.42
1872, 0.48
1873, 0.57
1874, 0.36
1875, 0.67
1876, 0.78
1877, 0.52
1878, 0.42
1879, 0.64
1880, 0.84
1881, 0.72
1882, 0.62
1883, 0.31
1884, 0.57
1885, 0.20
1886, 0.43
1887, 0.29
1888, 0.53
1889, 0.59
1890, 0.50
1891, 0.51
1892, 0.81
1893, 0.53
1894, 0.27
1895, 0.60
1896, 0.39
1897, 0.47
1898, 0.35
1899, 0.68
1900, 0.44
1901, 0.41
1902, 0.82
1903, 0.60
1904, 0.41
1905, 0.64
1906, 0.56
1907, 0.84
1908, 0.52
1909, 0.56
1910, 0.41
1911, 0.42
1912, 0.79
1913, 0.57
1914, 0.49
1915, 0.42
1916, 0.56
1917, 0.56
1918, 0.31
1919, 0.81
1920, 0.36
1921, 0.84
1922, 0.59
1923, 0.38
1924, 0.90
1925, 0.32
1926, 0.44
1927, 0.49
1928, 0.46
1929, 0.39
1930, 0.23
1931, 0.37
1932, 0.33
1933, 0.59
1934, 0.49
1935, 0.41
1936, 0.44
1937, 0.50
1938, 0.53
1939, 0.44
1940, 0.52
1941, 0.48
1942, 0.56
1943, 0.59
1944, 0.89
1945, 0.41
1946, 0.68
1947, 0.28
1948, 0.46
1949, 0.81
1950, 0.37
1951, 0.48
1952, 0.52
1953, 0.63
1954, 0.51
1955, 0.55
1956, 0.61
1957, 0.47
1958, 0.42
1959, 0.54
1960, 0.33
1961, 0.84
1962, 0.63
1963, 0.57
1964, 0.62
1965, 0.48
1966, 0.32
1967, 0.46
1968, 0.22
1969, 0.51
1970, 0.79
1971, 0.61
1972, 0.76
1973, 0.43
1974, 0.51
1975, 0.53
1976, 0.41
1977, 0.47
1978, 0.48
1979, 0.58
1980, 0.49
1981, 0.52
1982, 0.42
1983, 0.45
1984, 0.51
1985, 0.47
1986, 0.83
1987, 0.45
1988, 0.50
1989, 0.56
1990, 0.58
1991, 0.51
1992, 0.65
1993, 0.45
1994, 0.57
1995, 0.42
1996, 0.55
1997, 0.46
1998, 0.59
1999, 0.43
2000, 0.49
2001, 0.11
2002, 0.47
2003, 0.40
2004, 0.80
2005, 0.83
2006, 0.53
2007, 0.69
2008, 0.41
2009, 0.54
2010, 0.89
2011, 0.61
2012, 0.47
2013, 0.49
2014, 0.62
2015, 0.62
2016, 0.60
2017, 0.39
2018, 0.62
2019, 0.43
2020, 0.38
2021, 0.53
2022, 0.44
2023, 0.26
2024, 0.46
2025, 0.43
2026, 0.49
2027, 0.80
2028, 0.54
2029, 0.80
2030, 0.24
2031, 0.61
2032, 0.34
2033, 0.38
2034, 0.46
2035, 0.50
2036, 0.51
2037, 0.38
2038, 0.58
2039, 0.45
2040, 0.25
2041, 0.35
2042, 0.56
2043, 0.42
2044, 0.36
2045, 0.41
2046, 0.73
2047, 0.45
2048, 0.52
2049, 0.49
2050, 0.27
2051, 0.31
2052, 0.53
2053, 0.57
2054, 0.40
2055, 0.45
2056, 0.51
2057, 0.43
2058, 0.34
2059, 0.56
2060, 0.43
2061, 0.49
2062, 0.28
2063, 0.43
2064, 0.40
2065, 0.83
2066, 0.22
2067, 0.59
2068, 0.27
2069, 0.36
2070, 0.56
2071, 0.44
2072, 0.18
2073, 0.43
2074, 0.42
2075, 0.54
2076, 0.51
2077, 0.44
2078, 0.51
2079, 0.39
2080, 0.65
2081, 0.81
2082, 0.51
2083, 0.39
2084, 0.60
2085, 0.36
2086, 0.44
2087, 0.85
2088, 0.49
2089, 0.53
2090, 0.58
2091, 0.59
2092, 0.60
2093, 0.47
2094, 0.35
2095, 0.37
2096, 0.38
2097, 0.43
2098, 0.24
2099, 0.43
2100, 0.28
2101, 0.44
2102, 0.41
2103, 0.54
2104, 0.18
2105, 0.68
2106, 0.70
2107, 0.82
2108, 0.33
2109, 0.60
2110, 0.62
2111, 0.54
2112, 0.29
2113, 0.38
2114, 0.16
2115, 0.81
2116, 0.35
2117, 0.60
2118, 0.15
2119, 0.46
2120, 0.55
2121, 0.38
2122, 0.46
2123, 0.41
2124, 0.68
2125, 0.51
2126, 0.57
2127, 0.55
2128, 0.57
2129, 0.51
2130, 0.55
2131, 0.35
2132, 0.43
2133, 0.83
2134, 0.88
2135, 0.66
2136, 0.50
2137, 0.78
2138, 0.55
2139, 0.42
2140, 0.41
2141, 0.82
2142, 0.37
2143, 0.44
2144, 0.45
2145, 0.59
2146, 0.52
2147, 0.55
2148, 0.56
2149, 0.32
2150, 0.22
2151, 0.67
2152, 0.60
2153, 0.47
2154, 0.76
2155, 0.59
2156, 0.38
2157, 0.52
2158, 0.48
2159, 0.58
2160, 0.62
2161, 0.61
2162, 0.51
2163, 0.26
2164, 0.35
2165, 0.48
2166, 0.58
2167, 0.56
2168, 0.80
2169, 0.56
2170, 0.45
2171, 0.41
2172, 0.37
2173, 0.52
2174, 0.47
2175, 0.48
2176, 0.41
2177, 0.54
2178, 0.46
2179, 0.56
2180, 0.55
2181, 0.49
2182, 0.88
2183, 0.58
2184, 0.35
2185, 0.53
2186, 0.56
2187, 0.37
2188, 0.55
2189, 0.46
2190, 0.22
2191, 0.28
2192, 0.34
2193, 0.86
2194, 0.38
2195, 0.51
2196, 0.73
2197, 0.20
2198, 0.40
2199, 0.46
2200, 0.42
2201, 0.54
2202, 0.81
2203, 0.75
2204, 0.64
2205, 0.35
2206, 0.25
2207, 0.36
2208, 0.28
2209, 0.23
2210, 0.80
2211, 0.40
2212, 0.68
2213, 0.49
2214, 0.23
2215, 0.41
2216, 0.25
2217, 0.86
2218, 0.42
2219, 0.56
2220, 0.53
2221, 0.56
2222, 0.47
2223, 0.36
2224, 0.19
2225, 0.65
2226, 0.45
2227, 0.46
2228, 0.29
2229, 0.41
2230, 0.51
2231, 0.52
2232, 0.80
2233, 0.48
2234, 0.52
2235, 0.58
2236, 0.31
2237, 0.49
2238, 0.37
2239, 0.34
2240, 0.58
2241, 0.50
2242, 0.57
2243, 0.80
2244, 0.31
2245, 0.48
2246, 0.53
2247, 0.44
2248, 0.32
2249, 0.47
2250, 0.68
2251, 0.52
2252, 0.53
2253, 0.43
2254, 0.24
2255, 0.76
2256, 0.48
2257, 0.50
2258, 0.34
2259, 0.25
2260, 0.72
2261, 0.82
2262, 0.55
2263, 0.42
2264, 0.31
2265, 0.44
2266, 0.62
2267, 0.35
2268, 0.84
2269, 0.63
2270, 0.30
2271, 0.48
2272, 0.57
2273, 0.45
2274, 0.30
2275, 0.72
2276, 0.44
2277, 0.45
2278, 0.47
2279, 0.14
2280, 0.55
2281, 0.58
2282, 0.51
2283, 0.46
2284, 0.62
2285, 0.58
2286, 0.51
2287, 0.32
2288, 0.47
2289, 0.62
2290, 0.87
2291, 0.42
2292, 0.78
2293, 0.90
2294, 0.56
2295, 0.58
2296, 0.66
2297, 0.58
2298, 0.42
2299, 0.37
2300, 0.79
2301, 0.44
2302, 0.34
2303, 0.46
2304, 0.43
2305, 0.54
2306, 0.33
2307, 0.53
2308, 0.57
2309, 0.68
2310, 0.43
2311, 0.57
2312, 0.40
2313, 0.34
2314, 0.41
2315, 0.49
2316, 0.36
2317, 0.60
2318, 0.53
2319, 0.41
2320, 0.50
2321, 0.47
2322, 0.36
2323, 0.31
2324, 0.35
2325, 0.42
2326, 0.15
2327, 0.35
2328, 0.34
2329, 0.16
2330, 0.51
2331, 0.47
2332, 0.46
2333, 0.75
2334, 0.36
2335, 0.37
2336, 0.86
2337, 0.38
2338, 0.59
2339, 0.54
2340, 0.46
2341, 0.48
2342, 0.31
2343, 0.78
2344, 0.42
2345, 0.38
2346, 0.64
2347, 0.56
2348, 0.50
2349, 0.51
2350, 0.33
2351, 0.80
2352, 0.52
2353, 0.38
2354, 0.62
2355, 0.57
2356, 0.24
2357, 0.78
2358, 0.41
2359, 0.29
2360, 0.39
2361, 0.86
2362, 0.57
2363, 0.88
2364, 0.54
2365, 0.65
2366, 0.48
2367, 0.17
2368, 0.50
2369, 0.36
2370, 0.48
2371, 0.51
2372, 0.40
2373, 0.44
2374, 0.40
2375, 0.53
2376, 0.53
2377, 0.48
2378, 0.52
2379, 0.54
2380, 0.43
2381, 0.21
2382, 0.48
2383, 0.47
2384, 0.41
2385, 0.77
2386, 0.50
2387, 0.87
2388, 0.39
2389, 0.72
2390, 0.56
2391, 0.44
2392, 0.71
2393, 0.37
2394, 0.24
2395, 0.52
2396, 0.31
2397, 0.46
2398, 0.79
2399, 0.23
2400, 0.47
2401, 0.38
2402, 0.45
2403, 0.32
2404, 0.47
2405, 0.51
2406, 0.44
2407, 0.42
2408, 0.86
2409, 0.28
2410, 0.53
2411, 0.50
2412, 0.60
2413, 0.55
2414, 0.48
2415, 0.41
2416, 0.53
2417, 0.51
2418, 0.53
2419, 0.91
2420, 0.48
2421, 0.87
2422, 0.55
2423, 0.50
2424, 0.56
2425, 0.51
2426, 0.38
2427, 0.51
2428, 0.40
2429, 0.46
2430, 0.38
2431, 0.46
2432, 0.61
2433, 0.84
2434, 0.48
2435, 0.42
2436, 0.32
2437, 0.39
2438, 0.37
2439, 0.36
2440, 0.25
2441, 0.26
2442, 0.48
2443, 0.54
2444, 0.28
2445, 0.37
2446, 0.43
2447, 0.48
2448, 0.53
2449, 0.69
2450, 0.49
2451, 0.40
2452, 0.41
2453, 0.44
2454, 0.36
2455, 0.57
2456, 0.79
2457, 0.53
2458, 0.42
2459, 0.39
2460, 0.72
2461, 0.83
2462, 0.42
2463, 0.76
2464, 0.54
2465, 0.47
2466, 0.24
2467, 0.64
2468, 0.51
2469, 0.42
2470, 0.38
2471, 0.45
2472, 0.37
2473, 0.53
2474, 0.44
2475, 0.55
2476, 0.64
2477, 0.51
2478, 0.30
2479, 0.81
2480, 0.48
2481, 0.50
2482, 0.78
2483, 0.46
2484, 0.63
2485, 0.32
2486, 0.61
2487, 0.57
2488, 0.56
2489, 0.53
2490, 0.50
2491, 0.44
2492, 0.45
2493, 0.51
2494, 0.57
2495, 0.31
2496, 0.40
2497, 0.44
2498, 0.83
2499, 0.37
2500, 0.51
2501, 0.41
2502, 0.30
2503, 0.39
2504, 0.47
2505, 0.60
2506, 0.52
2507, 0.45
2508, 0.50
2509, 0.37
2510, 0.49
2511, 0.52
2512, 0.44
2513, 0.88
2514, 0.87
2515, 0.63
2516, 0.87
2517, 0.38
2518, 0.48
2519, 0.34
2520, 0.48
2521, 0.41
2522, 0.42
2523, 0.57
2524, 0.40
2525, 0.57
2526, 0.24
2527, 0.54
2528, 0.45
2529, 0.60
2530, 0.60
2531, 0.59
2532, 0.50
2533, 0.35
2534, 0.44
2535, 0.22
2536, 0.47
2537, 0.56
2538, 0.56
2539, 0.52
2540, 0.43
2541, 0.74
2542, 0.18
2543, 0.62
2544, 0.52
2545, 0.58
2546, 0.18
2547, 0.58
2548, 0.54
2549, 0.39
2550, 0.79
2551, 0.51
2552, 0.49
2553, 0.77
2554, 0.49
2555, 0.46
2556, 0.33
2557, 0.46
2558, 0.50
2559, 0.44
2560, 0.45
2561, 0.26
2562, 0.79
2563, 0.84
2564, 0.31
2565, 0.48
2566, 0.45
2567, 0.57
2568, 0.51
2569, 0.78
2570, 0.45
2571, 0.37
2572, 0.53
2573, 0.84
2574, 0.43
2575, 0.48
2576, 0.74
2577, 0.33
2578, 0.57
2579, 0.51
2580, 0.44
2581, 0.55
2582, 0.50
2583, 0.53
2584, 0.49
2585, 0.42
2586, 0.51
2587, 0.54
2588, 0.23
2589, 0.48
2590, 0.39
2591, 0.53
2592, 0.65
2593, 0.49
2594, 0.48
2595, 0.60
2596, 0.25
2597, 0.47
2598, 0.39
2599, 0.36
2600, 0.57
2601, 0.41
2602, 0.46
2603, 0.53
2604, 0.38
2605, 0.41
2606, 0.82
2607, 0.52
2608, 0.53
2609, 0.51
2610, 0.34
2611, 0.34
2612, 0.45
2613, 0.58
2614, 0.31
2615, 0.61
2616, 0.57
2617, 0.71
2618, 0.58
2619, 0.25
2620, 0.48
2621, 0.44
2622, 0.76
2623, 0.44
2624, 0.42
2625, 0.40
2626, 0.69
2627, 0.86
2628, 0.63
2629, 0.41
2630, 0.58
2631, 0.50
2632, 0.50
2633, 0.79
2634, 0.46
2635, 0.34
2636, 0.35
2637, 0.36
2638, 0.27
2639, 0.53
2640, 0.51
2641, 0.42
2642, 0.56
2643, 0.58
2644, 0.38
2645, 0.53
2646, 0.34
2647, 0.48
2648, 0.55
2649, 0.55
2650, 0.44
2651, 0.30
2652, 0.54
2653, 0.17
2654, 0.71
2655, 0.57
2656, 0.60
2657, 0.90
2658, 0.63
2659, 0.43
2660, 0.54
2661, 0.51
2662, 0.86
2663, 0.55
2664, 0.44
2665, 0.60
2666, 0.57
2667, 0.27
2668, 0.65
2669, 0.13
2670, 0.55
2671, 0.86
2672, 0.38
2673, 0.44
2674, 0.49
2675, 0.18
2676, 0.33
2677, 0.47
2678, 0.77
2679, 0.56
2680, 0.45
2681, 0.83
2682, 0.53
2683, 0.74
2684, 0.54
2685, 0.35
2686, 0.69
2687, 0.63
2688, 0.50
2689, 0.51
2690, 0.32
2691, 0.32
2692, 0.57
2693, 0.25
2694, 0.52
2695, 0.41
2696, 0.43
2697, 0.48
2698, 0.51
2699, 0.55
2700, 0.50
2701, 0.33
2702, 0.46
2703, 0.59
2704, 0.35
2705, 0.52
2706, 0.80
2707, 0.37
2708, 0.59
2709, 0.65
2710, 0.61
2711, 0.38
2712, 0.79
2713, 0.59
2714, 0.38
2715, 0.34
2716, 0.36
2717, 0.14
2718, 0.61
2719, 0.51
2720, 0.52
2721, 0.62
2722, 0.48
2723, 0.65
2724, 0.61
2725, 0.27
2726, 0.51
2727, 0.56
2728, 0.53
2729, 0.46
2730, 0.52
2731, 0.48
2732, 0.70
2733, 0.29
2734, 0.38
2735, 0.44
2736, 0.56
2737, 0.40
2738, 0.59
2739, 0.49
2740, 0.43
2741, 0.70
2742, 0.62
2743, 0.74
2744, 0.21
2745, 0.54
2746, 0.37
2747, 0.34
2748, 0.64
2749, 0.38
2750, 0.58
2751, 0.45
2752, 0.46
2753, 0.65
2754, 0.69
2755, 0.87
2756, 0.28
2757, 0.43
2758, 0.92
2759, 0.57
2760, 0.45
2761, 0.40
2762, 0.53
2763, 0.41
2764, 0.47
2765, 0.54
2766, 0.46
2767, 0.50
2768, 0.49
2769, 0.43
2770, 0.43
2771, 0.51
2772, 0.38
2773, 0.47
2774, 0.46
2775, 0.30
2776, 0.72
2777, 0.73
2778, 0.52
2779, 0.26
2780, 0.45
2781, 0.59
2782, 0.23
2783, 0.53
2784, 0.73
2785, 0.42
2786, 0.86
2787, 0.62
2788, 0.42
2789, 0.46
2790, 0.42
2791, 0.52
2792, 0.84
2793, 0.43
2794, 0.59
2795, 0.61
2796, 0.52
2797, 0.41
2798, 0.54
2799, 0.46
2800, 0.36
2801, 0.22
2802, 0.35
2803, 0.56
2804, 0.23
2805, 0.49
2806, 0.27
2807, 0.45
2808, 0.53
2809, 0.52
2810, 0.33
2811, 0.35
2812, 0.43
2813, 0.43
2814, 0.56
2815, 0.52
2816, 0.51
2817, 0.32
2818, 0.35
2819, 0.50
2820, 0.88
2821, 0.49
2822, 0.47
2823, 0.18
2824, 0.53
2825, 0.22
2826, 0.86
2827, 0.48
2828, 0.45
2829, 0.47
2830, 0.32
2831, 0.56
2832, 0.47
2833, 0.43
2834, 0.91
2835, 0.58
2836, 0.24
2837, 0.75
2838, 0.41
2839, 0.49
2840, 0.62
2841, 0.37
2842, 0.52
2843, 0.57
2844, 0.37
2845, 0.47
2846, 0.44
2847, 0.46
2848, 0.58
2849, 0.53
2850, 0.47
2851, 0.56
2852, 0.25
2853, 0.65
2854, 0.54
2855, 0.51
2856, 0.29
2857, 0.87
2858, 0.42
2859, 0.48
2860, 0.41
2861, 0.35
2862, 0.52
2863, 0.40
2864, 0.58
2865, 0.65
2866, 0.41
2867, 0.41
2868, 0.47
2869, 0.49
2870, 0.37
2871, 0.19
2872, 0.47
2873, 0.53
2874, 0.41
2875, 0.50
2876, 0.29
2877, 0.37
2878, 0.55
2879, 0.54
2880, 0.78
2881, 0.49
2882, 0.83
2883, 0.73
2884, 0.81
2885, 0.43
2886, 0.45
2887, 0.64
2888, 0.43
2889, 0.55
2890, 0.52
2891, 0.52
2892, 0.54
2893, 0.57
2894, 0.42
2895, 0.57
2896, 0.81
2897, 0.27
2898, 0.86
2899, 0.56
2900, 0.48
2901, 0.43
2902, 0.84
2903, 0.85
2904, 0.32
2905, 0.41
2906, 0.49
2907, 0.57
2908, 0.47
2909, 0.32
2910, 0.86
2911, 0.54
2912, 0.24
2913, 0.47
2914, 0.34
2915, 0.80
2916, 0.36
2917, 0.24
2918, 0.68
2919, 0.48
2920, 0.36
2921, 0.84
2922, 0.52
2923, 0.39
2924, 0.50
2925, 0.50
2926, 0.34
2927, 0.56
2928, 0.54
2929, 0.48
2930, 0.41
2931, 0.53
2932, 0.41
2933, 0.54
2934, 0.47
2935, 0.54
2936, 0.61
2937, 0.45
2938, 0.72
2939, 0.24
2940, 0.44
2941, 0.35
2942, 0.46
2943, 0.70
2944, 0.47
2945, 0.18
2946, 0.60
2947, 0.45
2948, 0.89
2949, 0.81
2950, 0.19
2951, 0.44
2952, 0.57
2953, 0.52
2954, 0.87
2955, 0.45
2956, 0.44
2957, 0.82
2958, 0.31
2959, 0.26
2960, 0.55
2961, 0.49
2962, 0.43
2963, 0.54
2964, 0.48
2965, 0.46
2966, 0.54
2967, 0.45
2968, 0.31
2969, 0.61
2970, 0.17
2971, 0.51
2972, 0.29
2973, 0.81
2974, 0.68
2975, 0.32
2976, 0.66
2977, 0.45
2978, 0.49
2979, 0.41
2980, 0.49
2981, 0.51
2982, 0.43
2983, 0.28
2984, 0.40
2985, 0.58
2986, 0.58
2987, 0.20
2988, 0.45
2989, 0.29
2990, 0.58
2991, 0.47
2992, 0.67
2993, 0.45
2994, 0.54
2995, 0.58
2996, 0.34
2997, 0.62
2998, 0.39
2999, 0.52
3000, 0.35
3001, 0.48
3002, 0.55
3003, 0.80
3004, 0.77
3005, 0.43
3006, 0.41
3007, 0.47
3008, 0.44
3009, 0.31
3010, 0.48
3011, 0.44
3012, 0.47
3013, 0.45
3014, 0.56
3015, 0.51
3016, 0.29
3017, 0.55
3018, 0.57
3019, 0.53
3020, 0.57
3021, 0.46
3022, 0.51
3023, 0.61
3024, 0.46
3025, 0.49
3026, 0.46
3027, 0.47
3028, 0.45
3029, 0.32
3030, 0.43
3031, 0.66
3032, 0.48
3033, 0.50
3034, 0.34
3035, 0.51
3036, 0.55
3037, 0.35
3038, 0.39
3039, 0.58
3040, 0.60
3041, 0.26
3042, 0.32
3043, 0.33
3044, 0.66
3045, 0.68
3046, 0.49
3047, 0.30
3048, 0.32
3049, 0.30
3050, 0.29
3051, 0.49
3052, 0.61
3053, 0.35
3054, 0.32
3055, 0.43
3056, 0.46
3057, 0.51
3058, 0.54
3059, 0.34
3060, 0.50
3061, 0.54
3062, 0.38
3063, 0.42
3064, 0.27
3065, 0.46
3066, 0.56
3067, 0.44
3068, 0.45
3069, 0.52
3070, 0.59
3071, 0.35
3072, 0.75
3073, 0.47
3074, 0.45
3075, 0.27
3076, 0.43
3077, 0.33
3078, 0.47
3079, 0.44
3080, 0.54
3081, 0.90
3082, 0.90
3083, 0.38
3084, 0.55
3085, 0.44
3086, 0.54
3087, 0.58
3088, 0.56
3089, 0.87
3090, 0.55
3091, 0.50
3092, 0.30
3093, 0.51
3094, 0.80
3095, 0.53
3096, 0.40
3097, 0.41
3098, 0.49
3099, 0.53
3100, 0.80
3101, 0.46
3102, 0.36
3103, 0.33
3104, 0.22
3105, 0.25
3106, 0.31
3107, 0.42
3108, 0.41
3109, 0.42
3110, 0.90
3111, 0.47
3112, 0.46
3113, 0.66
3114, 0.44
3115, 0.53
3116, 0.33
3117, 0.53
3118, 0.47
3119, 0.54
3120, 0.42
3121, 0.45
3122, 0.34
3123, 0.56
3124, 0.81
3125, 0.54
3126, 0.54
3127, 0.53
3128, 0.44
3129, 0.59
3130, 0.72
3131, 0.25
3132, 0.50
3133, 0.64
3134, 0.63
3135, 0.67
3136, 0.47
3137, 0.52
3138, 0.53
3139, 0.34
3140, 0.36
3141, 0.48
3142, 0.74
3143, 0.56
3144, 0.56
3145, 0.25
3146, 0.53
3147, 0.36
3148, 0.55
3149, 0.46
3150, 0.49
3151, 0.53
3152, 0.55
3153, 0.43
3154, 0.76
3155, 0.38
3156, 0.56
3157, 0.56
3158, 0.50
3159, 0.75
3160, 0.86
3161, 0.35
3162, 0.57
3163, 0.40
3164, 0.85
3165, 0.52
3166, 0.56
3167, 0.26
3168, 0.58
3169, 0.48
3170, 0.56
3171, 0.43
3172, 0.56
3173, 0.86
3174, 0.40
3175, 0.55
3176, 0.55
3177, 0.39
3178, 0.58
3179, 0.32
3180, 0.20
3181, 0.52
3182, 0.66
3183, 0.51
3184, 0.50
3185, 0.32
3186, 0.20
3187, 0.47
3188, 0.40
3189, 0.43
3190, 0.57
3191, 0.79
3192, 0.53
3193, 0.38
3194, 0.88
3195, 0.22
3196, 0.36
3197, 0.45
3198, 0.44
3199, 0.44
3200, 0.59
3201, 0.59
3202, 0.49
3203, 0.63
3204, 0.82
3205, 0.41
3206, 0.52
3207, 0.80
3208, 0.32
3209, 0.55
3210, 0.43
3211, 0.89
3212, 0.75
3213, 0.28
3214, 0.37
3215, 0.69
3216, 0.27
3217, 0.48
3218, 0.64
3219, 0.47
3220, 0.38
3221, 0.44
3222, 0.85
3223, 0.56
3224, 0.40
3225, 0.55
3226, 0.45
3227, 0.53
3228, 0.36
3229, 0.53
3230, 0.48
3231, 0.33
3232, 0.84
3233, 0.50
3234, 0.43
3235, 0.36
3236, 0.52
3237, 0.55
3238, 0.48
3239, 0.62
3240, 0.35
3241, 0.34
3242, 0.35
3243, 0.50
3244, 0.49
3245, 0.48
3246, 0.59
3247, 0.81
3248, 0.47
3249, 0.61
3250, 0.29
3251, 0.46
3252, 0.78
3253, 0.54
3254, 0.89
3255, 0.50
3256, 0.42
3257, 0.47
3258, 0.84
3259, 0.48
3260, 0.20
3261, 0.29
3262, 0.42
3263, 0.43
3264, 0.27
3265, 0.74
3266, 0.59
3267, 0.26
3268, 0.56
3269, 0.56
3270, 0.62
3271, 0.28
3272, 0.41
3273, 0.48
3274, 0.79
3275, 0.74
3276, 0.35
3277, 0.51
3278, 0.27
3279, 0.72
3280, 0.57
3281, 0.43
3282, 0.54
3283, 0.23
3284, 0.50
3285, 0.44
3286, 0.85
3287, 0.58
3288, 0.44
3289, 0.49
3290, 0.32
3291, 0.74
3292, 0.86
3293, 0.68
3294, 0.38
3295, 0.38
3296, 0.46
3297, 0.46
3298, 0.51
3299, 0.47
3300, 0.47
3301, 0.59
3302, 0.38
3303, 0.43
3304, 0.62
3305, 0.25
3306, 0.46
3307, 0.58
3308, 0.39
3309, 0.52
3310, 0.90
3311, 0.46
3312, 0.59
3313, 0.90
3314, 0.57
3315, 0.44
3316, 0.42
3317, 0.56
3318, 0.56
3319, 0.26
3320, 0.41
3321, 0.51
3322, 0.49
3323, 0.51
3324, 0.45
3325, 0.27
3326, 0.26
3327, 0.25
3328, 0.54
3329, 0.27
3330, 0.45
3331, 0.50
3332, 0.47
3333, 0.45
3334, 0.50
3335, 0.73
3336, 0.31
3337, 0.49
3338, 0.31
3339, 0.70
3340, 0.79
3341, 0.44
3342, 0.63
3343, 0.20
3344, 0.42
3345, 0.59
3346, 0.62
3347, 0.51
3348, 0.31
3349, 0.55
3350, 0.37
3351, 0.49
3352, 0.13
3353, 0.32
3354, 0.36
3355, 0.24
3356, 0.72
3357, 0.54
3358, 0.11
3359, 0.48
3360, 0.55
3361, 0.73
3362, 0.42
3363, 0.49
3364, 0.39
3365, 0.56
3366, 0.48
3367, 0.46
3368, 0.18
3369, 0.54
3370, 0.45
3371, 0.30
3372, 0.44
3373, 0.49
3374, 0.52
3375, 0.52
3376, 0.35
3377, 0.68
3378, 0.44
3379, 0.38
3380, 0.34
3381, 0.28
3382, 0.32
3383, 0.40
3384, 0.24
3385, 0.44
3386, 0.76
3387, 0.53
3388, 0.37
3389, 0.52
3390, 0.56
3391, 0.47
3392, 0.52
3393, 0.31
3394, 0.33
3395, 0.44
3396, 0.83
3397, 0.44
3398, 0.36
3399, 0.59
3400, 0.83
3401, 0.48
3402, 0.67
3403, 0.50
3404, 0.54
3405, 0.43
3406, 0.51
3407, 0.33
3408, 0.30
3409, 0.24
3410, 0.47
3411, 0.50
3412, 0.72
3413, 0.49
3414, 0.91
3415, 0.51
3416, 0.29
3417, 0.75
3418, 0.43
3419, 0.30
3420, 0.29
3421, 0.17
3422, 0.59
3423, 0.33
3424, 0.47
3425, 0.88
3426, 0.61
3427, 0.49
3428, 0.52
3429, 0.62
3430, 0.50
3431, 0.74
3432, 0.27
3433, 0.51
3434, 0.30
3435, 0.48
3436, 0.49
3437, 0.89
3438, 0.24
3439, 0.43
3440, 0.38
3441, 0.42
3442, 0.22
3443, 0.29
3444, 0.40
3445, 0.50
3446, 0.56
3447, 0.62
3448, 0.48
3449, 0.66
3450, 0.20
3451, 0.59
3452, 0.49
3453, 0.52
3454, 0.89
3455, 0.35
3456, 0.27
3457, 0.76
3458, 0.55
3459, 0.49
3460, 0.56
3461, 0.32
3462, 0.66
3463, 0.84
3464, 0.55
3465, 0.20
3466, 0.45
3467, 0.46
3468, 0.42
3469, 0.52
3470, 0.19
3471, 0.50
3472, 0.40
3473, 0.47
3474, 0.47
3475, 0.62
3476, 0.56
3477, 0.30
3478, 0.60
3479, 0.58
3480, 0.47
3481, 0.38
3482, 0.29
3483, 0.61
3484, 0.39
3485, 0.80
3486, 0.61
3487, 0.54
3488, 0.42
3489, 0.52
3490, 0.74
3491, 0.46
3492, 0.76
3493, 0.50
3494, 0.35
3495, 0.46
3496, 0.42
3497, 0.49
3498, 0.46
3499, 0.49
3500, 0.30
3501, 0.47
3502, 0.53
3503, 0.33
3504, 0.27
3505, 0.69
3506, 0.28
3507, 0.37
3508, 0.45
3509, 0.48
3510, 0.52
3511, 0.56
3512, 0.38
3513, 0.52
3514, 0.56
3515, 0.21
3516, 0.70
3517, 0.51
3518, 0.21
3519, 0.44
3520, 0.53
3521, 0.57
3522, 0.31
3523, 0.46
3524, 0.48
3525, 0.86
3526, 0.39
3527, 0.42
3528, 0.76
3529, 0.33
3530, 0.43
3531, 0.44
3532, 0.48
3533, 0.62
3534, 0.39
3535, 0.48
3536, 0.38
3537, 0.41
3538, 0.49
3539, 0.46
3540, 0.53
3541, 0.79
3542, 0.30
3543, 0.56
3544, 0.29
3545, 0.42
3546, 0.54
3547, 0.51
3548, 0.47
3549, 0.30
3550, 0.51
3551, 0.49
3552, 0.48
3553, 0.49
3554, 0.86
3555, 0.30
3556, 0.59
3557, 0.47
3558, 0.44
3559, 0.53
3560, 0.35
3561, 0.83
3562, 0.27
3563, 0.14
3564, 0.39
3565, 0.45
3566, 0.53
3567, 0.56
3568, 0.23
3569, 0.84
3570, 0.44
3571, 0.57
3572, 0.27
3573, 0.53
3574, 0.79
3575, 0.33
3576, 0.41
3577, 0.34
3578, 0.43
3579, 0.40
3580, 0.37
3581, 0.66
3582, 0.41
3583, 0.45
3584, 0.54
3585, 0.48
3586, 0.88
3587, 0.41
3588, 0.45
3589, 0.51
3590, 0.33
3591, 0.59
3592, 0.59
3593, 0.38
3594, 0.36
3595, 0.75
3596, 0.34
3597, 0.33
3598, 0.37
3599, 0.53
3600, 0.35
3601, 0.43
3602, 0.16
3603, 0.86
3604, 0.43
3605, 0.39
3606, 0.54
3607, 0.18
3608, 0.40
3609, 0.64
3610, 0.46
3611, 0.57
3612, 0.59
3613, 0.41
3614, 0.51
3615, 0.31
3616, 0.83
3617, 0.55
3618, 0.48
3619, 0.35
3620, 0.41
3621, 0.33
3622, 0.37
3623, 0.83
3624, 0.49
3625, 0.81
3626, 0.38
3627, 0.47
3628, 0.34
3629, 0.46
3630, 0.46
3631, 0.86
3632, 0.52
3633, 0.39
3634, 0.47
3635, 0.52
3636, 0.56
3637, 0.47
3638, 0.52
3639, 0.34
3640, 0.51
3641, 0.52
3642, 0.60
3643, 0.81
3644, 0.67
3645, 0.40
3646, 0.82
3647, 0.51
3648, 0.50
3649, 0.51
3650, 0.31
3651, 0.37
3652, 0.35
3653, 0.84
3654, 0.57
3655, 0.75
3656, 0.32
3657, 0.32
3658, 0.54
3659, 0.55
3660, 0.87
3661, 0.60
3662, 0.36
3663, 0.55
3664, 0.47
3665, 0.47
3666, 0.55
3667, 0.53
3668, 0.47
3669, 0.46
3670, 0.22
3671, 0.42
3672, 0.49
3673, 0.50
3674, 0.60
3675, 0.62
3676, 0.25
3677, 0.57
3678, 0.52
3679, 0.54
3680, 0.50
3681, 0.59
3682, 0.18
3683, 0.45
3684, 0.50
3685, 0.48
3686, 0.51
3687, 0.39
3688, 0.40
3689, 0.47
3690, 0.38
3691, 0.33
3692, 0.50
3693, 0.43
3694, 0.84
3695, 0.57
3696, 0.58
3697, 0.55
3698, 0.43
3699, 0.48
3700, 0.78
3701, 0.45
3702, 0.50
3703, 0.41
3704, 0.47
3705, 0.78
3706, 0.47
3707, 0.48
3708, 0.50
3709, 0.38
3710, 0.24
3711, 0.54
3712, 0.39
3713, 0.54
3714, 0.48
3715, 0.54
3716, 0.41
3717, 0.71
3718, 0.26
3719, 0.49
3720, 0.46
3721, 0.76
3722, 0.52
3723, 0.52
3724, 0.54
3725, 0.29
3726, 0.43
3727, 0.82
3728, 0.52
3729, 0.47
3730, 0.56
3731, 0.48
3732, 0.54
3733, 0.50
3734, 0.50
3735, 0.51
3736, 0.48
3737, 0.55
3738, 0.50
3739, 0.49
3740, 0.64
3741, 0.34
3742, 0.43
3743, 0.53
3744, 0.47
3745, 0.73
3746, 0.58
3747, 0.90
3748, 0.33
3749, 0.54
3750, 0.67
3751, 0.48
3752, 0.65
3753, 0.65
3754, 0.86
3755, 0.47
3756, 0.30
3757, 0.46
3758, 0.84
3759, 0.36
3760, 0.22
3761, 0.18
3762, 0.54
3763, 0.63
3764, 0.34
3765, 0.65
3766, 0.41
3767, 0.44
3768, 0.33
3769, 0.88
3770, 0.42
3771, 0.33
3772, 0.41
3773, 0.57
3774, 0.51
3775, 0.53
3776, 0.47
3777, 0.61
3778, 0.32
3779, 0.59
3780, 0.51
3781, 0.59
3782, 0.61
3783, 0.54
3784, 0.41
3785, 0.45
3786, 0.63
3787, 0.53
3788, 0.49
3789, 0.41
3790, 0.50
3791, 0.48
3792, 0.51
3793, 0.46
3794, 0.47
3795, 0.57
3796, 0.51
3797, 0.50
3798, 0.85
3799, 0.38
3800, 0.85
3801, 0.48
3802, 0.38
3803, 0.77
3804, 0.64
3805, 0.40
3806, 0.44
3807, 0.49
3808, 0.58
3809, 0.57
3810, 0.30
3811, 0.41
3812, 0.39
3813, 0.38
3814, 0.41
3815, 0.84
3816, 0.36
3817, 0.31
3818, 0.34
3819, 0.42
3820, 0.42
3821, 0.46
3822, 0.34
3823, 0.53
3824, 0.45
3825, 0.25
3826, 0.40
3827, 0.47
3828, 0.84
3829, 0.34
3830, 0.45
3831, 0.41
3832, 0.18
3833, 0.57
3834, 0.74
3835, 0.19
3836, 0.83
3837, 0.59
3838, 0.31
3839, 0.48
3840, 0.38
3841, 0.37
3842, 0.54
3843, 0.91
3844, 0.28
3845, 0.26
3846, 0.38
3847, 0.55
3848, 0.37
3849, 0.55
3850, 0.48
3851, 0.43
3852, 0.61
3853, 0.51
3854, 0.43
3855, 0.75
3856, 0.55
3857, 0.81
3858, 0.67
3859, 0.52
3860, 0.50
3861, 0.87
3862, 0.19
3863, 0.59
3864, 0.30
3865, 0.50
3866, 0.46
3867, 0.64
3868, 0.33
3869, 0.46
3870, 0.51
3871, 0.42
3872, 0.44
3873, 0.87
3874, 0.56
3875, 0.89
3876, 0.51
3877, 0.53
3878, 0.48
3879, 0.37
3880, 0.54
3881, 0.43
3882, 0.53
3883, 0.48
3884, 0.48
3885, 0.35
3886, 0.34
3887, 0.46
3888, 0.50
3889, 0.57
3890, 0.43
3891, 0.55
3892, 0.28
3893, 0.53
3894, 0.49
3895, 0.45
3896, 0.53
3897, 0.39
3898, 0.62
3899, 0.43
3900, 0.46
3901, 0.62
3902, 0.56
3903, 0.40
3904, 0.75
3905, 0.52
3906, 0.52
3907, 0.69
3908, 0.88
3909, 0.57
3910, 0.47
3911, 0.28
3912, 0.40
3913, 0.55
3914, 0.37
3915, 0.50
3916, 0.18
3917, 0.33
3918, 0.58
3919, 0.52
3920, 0.49
3921, 0.47
3922, 0.49
3923, 0.44
3924, 0.68
3925, 0.55
3926, 0.31
3927, 0.54
3928, 0.82
3929, 0.83
3930, 0.53
3931, 0.58
3932, 0.64
3933, 0.49
3934, 0.48
3935, 0.47
3936, 0.60
3937, 0.44
3938, 0.47
3939, 0.53
3940, 0.55
3941, 0.42
3942, 0.34
3943, 0.51
3944, 0.86
3945, 0.46
3946, 0.42
3947, 0.44
3948, 0.16
3949, 0.72
3950, 0.51
3951, 0.55
3952, 0.87
3953, 0.38
3954, 0.57
3955, 0.25
3956, 0.25
3957, 0.47
3958, 0.47
3959, 0.88
3960, 0.33
3961, 0.67
3962, 0.47
3963, 0.59
3964, 0.50
3965, 0.70
3966, 0.54
3967, 0.50
3968, 0.44
3969, 0.45
3970, 0.38
3971, 0.40
3972, 0.63
3973, 0.42
3974, 0.38
3975, 0.45
3976, 0.51
3977, 0.67
3978, 0.86
3979, 0.31
3980, 0.39
3981, 0.55
3982, 0.45
3983, 0.83
3984, 0.51
3985, 0.66
3986, 0.35
3987, 0.34
3988, 0.75
3989, 0.54
3990, 0.39
3991, 0.47
3992, 0.60
3993, 0.52
3994, 0.57
3995, 0.48
3996, 0.20
3997, 0.38
3998, 0.49
3999, 0.42
4000, 0.44
4001, 0.44
4002, 0.55
4003, 0.89
4004, 0.54
4005, 0.57
4006, 0.25
4007, 0.49
4008, 0.54
4009, 0.69
4010, 0.35
4011, 0.73
4012, 0.45
4013, 0.55
4014, 0.35
4015, 0.71
4016, 0.29
4017, 0.20
4018, 0.54
4019, 0.62
4020, 0.50
4021, 0.54
4022, 0.52
4023, 0.55
4024, 0.35
4025, 0.73
4026, 0.51
4027, 0.47
4028, 0.59
4029, 0.88
4030, 0.58
4031, 0.26
4032, 0.49
4033, 0.53
4034, 0.44
4035, 0.43
4036, 0.59
4037, 0.42
4038, 0.51
4039, 0.66
4040, 0.55
4041, 0.54
4042, 0.49
4043, 0.58
4044, 0.51
4045, 0.30
4046, 0.66
4047, 0.35
4048, 0.51
4049, 0.50
4050, 0.53
4051, 0.47
4052, 0.41
4053, 0.29
4054, 0.50
4055, 0.37
4056, 0.56
4057, 0.66
4058, 0.85
4059, 0.45
4060, 0.54
4061, 0.23
4062, 0.40
4063, 0.24
4064, 0.45
4065, 0.51
4066, 0.85
4067, 0.32
4068, 0.90
4069, 0.67
4070, 0.23
4071, 0.84
4072, 0.48
4073, 0.83
4074, 0.47
4075, 0.59
4076, 0.34
4077, 0.44
4078, 0.85
4079, 0.52
4080, 0.52
4081, 0.61
4082, 0.61
4083, 0.53
4084, 0.62
4085, 0.53
4086, 0.50
4087, 0.73
4088, 0.36
4089, 0.56
4090, 0.75
4091, 0.84
4092, 0.83
4093, 0.50
4094, 0.53
4095, 0.46
4096, 0.59
4097, 0.39
4098, 0.39
4099, 0.51
4100, 0.46
4101, 0.38
4102, 0.57
4103, 0.41
4104, 0.28
4105, 0.38
4106, 0.69
4107, 0.49
4108, 0.88
4109, 0.28
4110, 0.84
4111, 0.78
4112, 0.78
4113, 0.57
4114, 0.40
4115, 0.48
4116, 0.44
4117, 0.50
4118, 0.46
4119, 0.24
4120, 0.65
4121, 0.51
4122, 0.40
4123, 0.28
4124, 0.53
4125, 0.49
4126, 0.38
4127, 0.48
4128, 0.55
4129, 0.67
4130, 0.66
4131, 0.53
4132, 0.54
4133, 0.81
4134, 0.55
4135, 0.54
4136, 0.54
4137, 0.57
4138, 0.44
4139, 0.56
4140, 0.44
4141, 0.81
4142, 0.36
4143, 0.43
4144, 0.40
4145, 0.46
4146, 0.79
4147, 0.42
4148, 0.25
4149, 0.25
4150, 0.61
4151, 0.60
4152, 0.50
4153, 0.54
4154, 0.53
4155, 0.87
4156, 0.27
4157, 0.62
4158, 0.52
4159, 0.57
4160, 0.39
4161, 0.23
4162, 0.40
4163, 0.42
4164, 0.47
4165, 0.86
4166, 0.61
4167, 0.35
4168, 0.47
4169, 0.59
4170, 0.66
4171, 0.52
4172, 0.54
4173, 0.54
4174, 0.24
4175, 0.30
4176, 0.81
4177, 0.85
4178, 0.58
4179, 0.83
4180, 0.43
4181, 0.42
4182, 0.35
4183, 0.52
4184, 0.49
4185, 0.46
4186, 0.54
4187, 0.53
4188, 0.70
4189, 0.61
4190, 0.34
4191, 0.52
4192, 0.39
4193, 0.81
4194, 0.45
4195, 0.36
4196, 0.52
4197, 0.43
4198, 0.46
4199, 0.49
4200, 0.51
4201, 0.39
4202, 0.48
4203, 0.44
4204, 0.47
4205, 0.16
4206, 0.57
4207, 0.32
4208, 0.67
4209, 0.30
4210, 0.46
4211, 0.42
4212, 0.48
4213, 0.83
4214, 0.40
4215, 0.53
4216, 0.84
4217, 0.24
4218, 0.66
4219, 0.77
4220, 0.47
4221, 0.48
4222, 0.58
4223, 0.32
4224, 0.42
4225, 0.39
4226, 0.16
4227, 0.46
4228, 0.48
4229, 0.51
4230, 0.51
4231, 0.54
4232, 0.77
4233, 0.56
4234, 0.49
4235, 0.54
4236, 0.51
4237, 0.33
4238, 0.42
4239, 0.85
4240, 0.61
4241, 0.47
4242, 0.88
4243, 0.54
4244, 0.48
4245, 0.34
4246, 0.35
4247, 0.85
4248, 0.39
4249, 0.54
4250, 0.30
4251, 0.54
4252, 0.82
4253, 0.43
4254, 0.57
4255, 0.58
4256, 0.47
4257, 0.41
4258, 0.45
4259, 0.46
4260, 0.84
4261, 0.75
4262, 0.52
4263, 0.30
4264, 0.45
4265, 0.37
4266, 0.84
4267, 0.40
4268, 0.88
4269, 0.51
4270, 0.50
4271, 0.25
4272, 0.22
4273, 0.45
4274, 0.37
4275, 0.55
4276, 0.58
4277, 0.24
4278, 0.46
4279, 0.46
4280, 0.48
4281, 0.43
4282, 0.67
4283, 0.45
4284, 0.48
4285, 0.86
4286, 0.41
4287, 0.40
4288, 0.53
4289, 0.43
4290, 0.39
4291, 0.32
4292, 0.39
4293, 0.52
4294, 0.67
4295, 0.63
4296, 0.63
4297, 0.39
4298, 0.41
4299, 0.50
4300, 0.40
4301, 0.53
4302, 0.47
4303, 0.61
4304, 0.60
4305, 0.87
4306, 0.59
4307, 0.46
4308, 0.37
4309, 0.42
4310, 0.48
4311, 0.36
4312, 0.35
4313, 0.51
4314, 0.28
4315, 0.53
4316, 0.44
4317, 0.14
4318, 0.46
4319, 0.19
4320, 0.47
4321, 0.83
4322, 0.50
4323, 0.85
4324, 0.45
4325, 0.45
4326, 0.36
4327, 0.50
4328, 0.47
4329, 0.57
4330, 0.38
4331, 0.39
4332, 0.67
4333, 0.84
4334, 0.53
4335, 0.63
4336, 0.47
4337, 0.26
4338, 0.56
4339, 0.88
4340, 0.78
4341, 0.55
4342, 0.58
4343, 0.22
4344, 0.36
4345, 0.49
4346, 0.41
4347, 0.33
4348, 0.28
4349, 0.39
4350, 0.42
4351, 0.58
4352, 0.21
4353, 0.83
4354, 0.40
4355, 0.46
4356, 0.42
4357, 0.52
4358, 0.51
4359, 0.59
4360, 0.52
4361, 0.47
4362, 0.50
4363, 0.79
4364, 0.31
4365, 0.66
4366, 0.41
4367, 0.81
4368, 0.82
4369, 0.56
4370, 0.54
4371, 0.30
4372, 0.50
4373, 0.35
4374, 0.49
4375, 0.29
4376, 0.39
4377, 0.48
4378, 0.41
4379, 0.41
4380, 0.55
4381, 0.58
4382, 0.50
4383, 0.44
4384, 0.55
4385, 0.45
4386, 0.59
4387, 0.58
4388, 0.85
4389, 0.63
4390, 0.21
4391, 0.26
4392, 0.50
4393, 0.16
4394, 0.40
4395, 0.55
4396, 0.54
4397, 0.59
4398, 0.34
4399, 0.39
4400, 0.82
4401, 0.34
4402, 0.53
4403, 0.51
4404, 0.47
4405, 0.48
4406, 0.45
4407, 0.26
4408, 0.84
4409, 0.38
4410, 0.55
4411, 0.37
4412, 0.55
4413, 0.65
4414, 0.33
4415, 0.22
4416, 0.54
4417, 0.60
4418, 0.29
4419, 0.55
4420, 0.50
4421, 0.35
4422, 0.48
4423, 0.49
4424, 0.83
4425, 0.55
4426, 0.37
4427, 0.40
4428, 0.22
4429, 0.58
4430, 0.50
4431, 0.39
4432, 0.49
4433, 0.60
4434, 0.45
4435, 0.40
4436, 0.55
4437, 0.50
4438, 0.47
4439, 0.87
4440, 0.83
4441, 0.48
4442, 0.55
4443, 0.48
4444, 0.10
4445, 0.30
4446, 0.48
4447, 0.83
4448, 0.55
4449, 0.56
4450, 0.54
4451, 0.42
4452, 0.46
4453, 0.59
4454, 0.41
4455, 0.44
4456, 0.37
4457, 0.53
4458, 0.90
4459, 0.52
4460, 0.36
4461, 0.45
4462, 0.33
4463, 0.30
4464, 0.35
4465, 0.43
4466, 0.36
4467, 0.37
4468, 0.49
4469, 0.64
4470, 0.62
4471, 0.19
4472, 0.35
4473, 0.44
4474, 0.18
4475, 0.53
4476, 0.83
4477, 0.36
4478, 0.83
4479, 0.40
4480, 0.58
4481, 0.55
4482, 0.47
4483, 0.49
4484, 0.44
4485, 0.37
4486, 0.44
4487, 0.51
4488, 0.58
4489, 0.50
4490, 0.34
4491, 0.52
4492, 0.46
4493, 0.47
4494, 0.30
4495, 0.85
4496, 0.43
4497, 0.48
4498, 0.84
4499, 0.34
4500, 0.26
4501, 0.76
4502, 0.84
4503, 0.47
4504, 0.48
4505, 0.57
4506, 0.48
4507, 0.34
4508, 0.58
4509, 0.47
4510, 0.50
4511, 0.59
4512, 0.55
4513, 0.42
4514, 0.50
4515, 0.51
4516, 0.50
4517, 0.65
4518, 0.49
4519, 0.43
4520, 0.29
4521, 0.37
4522, 0.51
4523, 0.88
4524, 0.47
4525, 0.32
4526, 0.33
4527, 0.86
4528, 0.54
4529, 0.54
4530, 0.36
4531, 0.49
4532, 0.51
4533, 0.37
4534, 0.85
4535, 0.57
4536, 0.46
4537, 0.92
4538, 0.46
4539, 0.24
4540, 0.45
4541, 0.52
4542, 0.26
4543, 0.44
4544, 0.44
4545, 0.84
4546, 0.43
4547, 0.40
4548, 0.58
4549, 0.40
4550, 0.54
4551, 0.35
4552, 0.44
4553, 0.83
4554, 0.48
4555, 0.55
4556, 0.58
4557, 0.53
4558, 0.38
4559, 0.58
4560, 0.50
4561, 0.59
4562, 0.58
4563, 0.88
4564, 0.85
4565, 0.57
4566, 0.47
4567, 0.59
4568, 0.63
4569, 0.59
4570, 0.39
4571, 0.50
4572, 0.43
4573, 0.54
4574, 0.30
4575, 0.69
4576, 0.79
4577, 0.42
4578, 0.39
4579, 0.49
4580, 0.39
4581, 0.72
4582, 0.76
4583, 0.56
4584, 0.44
4585, 0.87
4586, 0.40
4587, 0.83
4588, 0.65
4589, 0.44
4590, 0.23
4591, 0.44
4592, 0.48
4593, 0.37
4594, 0.45
4595, 0.74
4596, 0.51
4597, 0.50
4598, 0.43
4599, 0.49
4600, 0.43
4601, 0.20
4602, 0.55
4603, 0.42
4604, 0.48
4605, 0.52
4606, 0.48
4607, 0.30
4608, 0.41
4609, 0.46
4610, 0.25
4611, 0.49
4612, 0.53
4613, 0.41
4614, 0.42
4615, 0.28
4616, 0.56
4617, 0.68
4618, 0.86
4619, 0.34
4620, 0.47
4621, 0.43
4622, 0.73
4623, 0.81
4624, 0.55
4625, 0.55
4626, 0.73
4627, 0.20
4628, 0.25
4629, 0.74
4630, 0.56
4631, 0.38
4632, 0.52
4633, 0.48
4634, 0.56
4635, 0.41
4636, 0.87
4637, 0.44
4638, 0.49
4639, 0.88
4640, 0.87
4641, 0.43
4642, 0.28
4643, 0.68
4644, 0.55
4645, 0.29
4646, 0.47
4647, 0.53
4648, 0.53
4649, 0.73
4650, 0.32
4651, 0.60
4652, 0.55
4653, 0.41
4654, 0.42
4655, 0.44
4656, 0.81
4657, 0.47
4658, 0.49
4659, 0.20
4660, 0.47
4661, 0.53
4662, 0.64
4663, 0.33
4664, 0.77
4665, 0.45
4666, 0.52
4667, 0.80
4668, 0.36
4669, 0.51
4670, 0.41
4671, 0.50
4672, 0.78
4673, 0.27
4674, 0.82
4675, 0.38
4676, 0.38
4677, 0.48
4678, 0.20
4679, 0.23
4680, 0.40
4681, 0.54
4682, 0.86
4683, 0.82
4684, 0.77
4685, 0.54
4686, 0.45
4687, 0.36
4688, 0.37
4689, 0.61
4690, 0.78
4691, 0.49
4692, 0.59
4693, 0.70
4694, 0.37
4695, 0.49
4696, 0.30
4697, 0.38
4698, 0.37
4699, 0.48
4700, 0.64
4701, 0.74
4702, 0.51
4703, 0.56
4704, 0.22
4705, 0.52
4706, 0.36
4707, 0.50
4708, 0.83
4709, 0.69
4710, 0.44
4711, 0.40
4712, 0.28
4713, 0.59
4714, 0.40
4715, 0.37
4716, 0.53
4717, 0.38
4718, 0.85
4719, 0.72
4720, 0.44
4721, 0.61
4722, 0.46
4723, 0.56
4724, 0.45
4725, 0.24
4726, 0.39
4727, 0.50
4728, 0.65
4729, 0.41
4730, 0.55
4731, 0.49
4732, 0.48
4733, 0.48
4734, 0.45
4735, 0.58
4736, 0.42
4737, 0.47
4738, 0.62
4739, 0.56
4740, 0.32
4741, 0.53
4742, 0.61
4743, 0.59
4744, 0.69
4745, 0.43
4746, 0.56
4747, 0.67
4748, 0.48
4749, 0.88
4750, 0.49
4751, 0.49
4752, 0.44
4753, 0.42
4754, 0.59
4755, 0.76
4756, 0.49
4757, 0.58
4758, 0.71
4759, 0.48
4760, 0.56
4761, 0.37
4762, 0.88
4763, 0.34
4764, 0.16
4765, 0.42
4766, 0.31
4767, 0.49
4768, 0.51
4769, 0.54
4770, 0.50
4771, 0.92
4772, 0.46
4773, 0.59
4774, 0.58
4775, 0.49
4776, 0.51
4777, 0.36
4778, 0.67
4779, 0.46
4780, 0.55
4781, 0.85
4782, 0.44
4783, 0.82
4784, 0.65
4785, 0.83
4786, 0.49
4787, 0.76
4788, 0.36
4789, 0.51
4790, 0.53
4791, 0.59
4792, 0.55
4793, 0.46
4794, 0.31
4795, 0.80
4796, 0.78
4797, 0.55
4798, 0.43
4799, 0.45
4800, 0.41
4801, 0.40
4802, 0.33
4803, 0.32
4804, 0.56
4805, 0.52
4806, 0.56
4807, 0.34
4808, 0.62
4809, 0.47
4810, 0.68
4811, 0.44
4812, 0.45
4813, 0.45
4814, 0.21
4815, 0.52
4816, 0.46
4817, 0.48
4818, 0.41
4819, 0.37
4820, 0.75
4821, 0.46
4822, 0.32
4823, 0.22
4824, 0.51
4825, 0.36
4826, 0.43
4827, 0.42
4828, 0.40
4829, 0.85
4830, 0.54
4831, 0.53
4832, 0.41
4833, 0.88
4834, 0.38
4835, 0.50
4836, 0.79
4837, 0.20
4838, 0.24
4839, 0.23
4840, 0.47
4841, 0.49
4842, 0.39
4843, 0.49
4844, 0.50
4845, 0.50
4846, 0.75
4847, 0.45
4848, 0.86
4849, 0.46
4850, 0.52
4851, 0.14
4852, 0.56
4853, 0.46
4854, 0.27
4855, 0.37
4856, 0.20
4857, 0.61
4858, 0.56
4859, 0.38
4860, 0.63
4861, 0.22
4862, 0.54
4863, 0.54
4864, 0.67
4865, 0.39
4866, 0.74
4867, 0.55
4868, 0.22
4869, 0.53
4870, 0.48
4871, 0.80
4872, 0.57
4873, 0.58
4874, 0.32
4875, 0.51
4876, 0.46
4877, 0.85
4878, 0.60
4879, 0.24
4880, 0.58
4881, 0.60
4882, 0.85
4883, 0.88
4884, 0.43
4885, 0.40
4886, 0.60
4887, 0.52
4888, 0.38
4889, 0.53
4890, 0.40
4891, 0.47
4892, 0.34
4893, 0.33
4894, 0.20
4895, 0.54
4896, 0.58
4897, 0.53
4898, 0.57
4899, 0.51
4900, 0.61
4901, 0.47
4902, 0.43
4903, 0.50
4904, 0.50
4905, 0.46
4906, 0.78
4907, 0.62
4908, 0.25
4909, 0.52
4910, 0.49
4911, 0.53
4912, 0.89
4913, 0.41
4914, 0.47
4915, 0.89
4916, 0.89
4917, 0.51
4918, 0.58
4919, 0.29
4920, 0.36
4921, 0.37
4922, 0.43
4923, 0.87
4924, 0.54
4925, 0.57
4926, 0.22
4927, 0.55
4928, 0.35
4929, 0.87
4930, 0.75
4931, 0.55
4932, 0.44
4933, 0.38
4934, 0.26
4935, 0.45
4936, 0.41
4937, 0.66
4938, 0.53
4939, 0.53
4940, 0.64
4941, 0.57
4942, 0.45
4943, 0.52
4944, 0.81
4945, 0.34
4946, 0.49
4947, 0.48
4948, 0.46
4949, 0.45
4950, 0.46
4951, 0.51
4952, 0.61
4953, 0.54
4954, 0.37
4955, 0.42
4956, 0.39
4957, 0.48
4958, 0.42
4959, 0.39
4960, 0.51
4961, 0.87
4962, 0.24
4963, 0.42
4964, 0.49
4965, 0.51
4966, 0.61
4967, 0.41
4968, 0.52
4969, 0.82
4970, 0.35
4971, 0.52
4972, 0.27
4973, 0.39
4974, 0.51
4975, 0.58
4976, 0.39
4977, 0.48
4978, 0.27
4979, 0.38
4980, 0.50
4981, 0.41
4982, 0.47
4983, 0.69
4984, 0.43
4985, 0.54
4986, 0.53
4987, 0.43
4988, 0.83
4989, 0.54
4990, 0.22
4991, 0.63
4992, 0.35
4993, 0.55
4994, 0.42
4995, 0.55
4996, 0.38
4997, 0.32
4998, 0.35
4999, 0.56
5000, 0.88
5001, 0.33
5002, 0.54
5003, 0.59
5004, 0.39
5005, 0.31
5006, 0.59
5007, 0.40
5008, 0.51
5009, 0.39
5010, 0.45
5011, 0.28
5012, 0.47
5013, 0.46
5014, 0.81
5015, 0.26
5016, 0.49
5017, 0.46
5018, 0.64
5019, 0.58
5020, 0.52
5021, 0.27
5022, 0.56
5023, 0.75
5024, 0.51
5025, 0.50
5026, 0.47
5027, 0.52
5028, 0.43
5029, 0.19
5030, 0.39
5031, 0.43
5032, 0.44
5033, 0.59
5034, 0.31
5035, 0.47
5036, 0.51
5037, 0.37
5038, 0.58
5039, 0.44
5040, 0.58
5041, 0.51
5042, 0.72
5043, 0.21
5044, 0.53
5045, 0.40
5046, 0.50
5047, 0.48
5048, 0.42
5049, 0.46
5050, 0.57
5051, 0.33
5052, 0.36
5053, 0.88
5054, 0.49
5055, 0.51
5056, 0.47
5057, 0.26
5058, 0.44
5059, 0.79
5060, 0.91
5061, 0.32
5062, 0.57
5063, 0.55
5064, 0.41
5065, 0.22
5066, 0.42
5067, 0.57
5068, 0.60
5069, 0.46
5070, 0.58
5071, 0.54
5072, 0.49
5073, 0.66
5074, 0.34
5075, 0.47
5076, 0.50
5077, 0.43
5078, 0.76
5079, 0.81
5080, 0.51
5081, 0.31
5082, 0.37
5083, 0.44
5084, 0.57
5085, 0.80
5086, 0.44
5087, 0.44
5088, 0.66
5089, 0.76
5090, 0.47
5091, 0.48
5092, 0.50
5093, 0.38
5094, 0.37
5095, 0.54
5096, 0.40
5097, 0.29
5098, 0.40
5099, 0.57
5100, 0.56
5101, 0.56
5102, 0.36
5103, 0.62
5104, 0.51
5105, 0.51
5106, 0.45
5107, 0.57
5108, 0.48
5109, 0.84
5110, 0.26
5111, 0.52
5112, 0.30
5113, 0.28
5114, 0.42
5115, 0.40
5116, 0.36
5117, 0.84
5118, 0.47
5119, 0.48
5120, 0.63
5121, 0.59
5122, 0.41
5123, 0.43
5124, 0.54
5125, 0.76
5126, 0.52
5127, 0.21
5128, 0.50
5129, 0.57
5130, 0.42
5131, 0.20
5132, 0.33
5133, 0.59
5134, 0.48
5135, 0.59
5136, 0.33
5137, 0.47
5138, 0.65
5139, 0.41
5140, 0.75
5141, 0.55
5142, 0.83
5143, 0.37
5144, 0.45
5145, 0.70
5146, 0.61
5147, 0.51
5148, 0.53
5149, 0.39
5150, 0.56
5151, 0.57
5152, 0.20
5153, 0.54
5154, 0.48
5155, 0.41
5156, 0.42
5157, 0.52
5158, 0.50
5159, 0.45
5160, 0.22
5161, 0.54
5162, 0.58
5163, 0.39
5164, 0.56
5165, 0.56
5166, 0.41
5167, 0.42
5168, 0.42
5169, 0.56
5170, 0.61
5171, 0.51
5172, 0.38
5173, 0.43
5174, 0.55
5175, 0.36
5176, 0.85
5177, 0.53
5178, 0.54
5179, 0.36
5180, 0.60
5181, 0.80
5182, 0.30
5183, 0.38
5184, 0.85
5185, 0.90
5186, 0.44
5187, 0.30
5188, 0.26
5189, 0.39
5190, 0.51
5191, 0.43
5192, 0.47
5193, 0.43
5194, 0.52
5195, 0.85
5196, 0.48
5197, 0.33
5198, 0.53
5199, 0.56
5200, 0.87
5201, 0.49
5202, 0.40
5203, 0.51
5204, 0.23
5205, 0.55
5206, 0.38
5207, 0.84
5208, 0.35
5209, 0.41
5210, 0.45
5211, 0.38
5212, 0.57
5213, 0.79
5214, 0.32
5215, 0.32
5216, 0.26
5217, 0.40
5218, 0.33
5219, 0.47
5220, 0.63
5221, 0.32
5222, 0.44
5223, 0.48
5224, 0.55
5225, 0.43
5226, 0.48
5227, 0.15
5228, 0.48
5229, 0.21
5230, 0.48
5231, 0.38
5232, 0.63
5233, 0.54
5234, 0.20
5235, 0.61
5236, 0.42
5237, 0.48
5238, 0.24
5239, 0.42
5240, 0.56
5241, 0.56
5242, 0.32
5243, 0.41
5244, 0.84
5245, 0.39
5246, 0.77
5247, 0.61
5248, 0.57
5249, 0.46
5250, 0.58
5251, 0.45
5252, 0.59
5253, 0.30
5254, 0.20
5255, 0.38
5256, 0.60
5257, 0.18
5258, 0.53
5259, 0.49
5260, 0.57
5261, 0.86
5262, 0.45
5263, 0.59
5264, 0.51
5265, 0.40
5266, 0.43
5267, 0.87
5268, 0.27
5269, 0.63
5270, 0.47
5271, 0.46
5272, 0.86
5273, 0.48
5274, 0.55
5275, 0.50
5276, 0.52
5277, 0.47
5278, 0.44
5279, 0.67
5280, 0.47
5281, 0.88
5282, 0.47
5283, 0.79
5284, 0.52
5285, 0.48
5286, 0.16
5287, 0.51
5288, 0.74
5289, 0.56
5290, 0.52
5291, 0.88
5292, 0.39
5293, 0.45
5294, 0.20
5295, 0.24
5296, 0.27
5297, 0.51
5298, 0.48
5299, 0.82
5300, 0.51
5301, 0.50
5302, 0.55
5303, 0.51
5304, 0.53
5305, 0.45
5306, 0.48
5307, 0.49
5308, 0.75
5309, 0.62
5310, 0.53
5311, 0.38
5312, 0.51
5313, 0.49
5314, 0.65
5315, 0.80
5316, 0.45
5317, 0.13
5318, 0.41
5319, 0.80
5320, 0.72
5321, 0.50
5322, 0.55
5323, 0.45
5324, 0.47
5325, 0.47
5326, 0.47
5327, 0.59
5328, 0.54
5329, 0.34
5330, 0.51
5331, 0.51
5332, 0.25
5333, 0.46
5334, 0.41
5335, 0.45
5336, 0.52
5337, 0.48
5338, 0.50
5339, 0.26
5340, 0.15
5341, 0.57
5342, 0.49
5343, 0.48
5344, 0.47
5345, 0.47
5346, 0.51
5347, 0.53
5348, 0.70
5349, 0.52
5350, 0.50
5351, 0.74
5352, 0.60
5353, 0.50
5354, 0.46
5355, 0.83
5356, 0.84
5357, 0.53
5358, 0.50
5359, 0.40
5360, 0.48
5361, 0.43
5362, 0.65
5363, 0.56
5364, 0.49
5365, 0.54
5366, 0.54
5367, 0.83
5368, 0.48
5369, 0.49
5370, 0.87
5371, 0.55
5372, 0.29
5373, 0.44
5374, 0.42
5375, 0.61
5376, 0.27
5377, 0.74
5378, 0.60
5379, 0.37
5380, 0.53
5381, 0.45
5382, 0.34
5383, 0.51
5384, 0.54
5385, 0.47
5386, 0.43
5387, 0.45
5388, 0.24
5389, 0.46
5390, 0.38
5391, 0.52
5392, 0.45
5393, 0.72
5394, 0.57
5395, 0.46
5396, 0.83
5397, 0.47
5398, 0.47
5399, 0.41
5400, 0.50
5401, 0.38
5402, 0.57
5403, 0.38
5404, 0.42
5405, 0.46
5406, 0.45
5407, 0.41
5408, 0.50
5409, 0.49
5410, 0.30
5411, 0.28
5412, 0.80
5413, 0.42
5414, 0.66
5415, 0.47
5416, 0.53
5417, 0.57
5418, 0.21
5419, 0.82
5420, 0.39
5421, 0.53
5422, 0.51
5423, 0.66
5424, 0.49
5425, 0.65
5426, 0.51
5427, 0.45
5428, 0.54
5429, 0.52
5430, 0.40
5431, 0.43
5432, 0.44
5433, 0.48
5434, 0.83
5435, 0.54
5436, 0.51
5437, 0.54
5438, 0.55
5439, 0.41
5440, 0.53
5441, 0.76
5442, 0.53
5443, 0.46
5444, 0.51
5445, 0.44
5446, 0.75
5447, 0.50
5448, 0.51
5449, 0.47
5450, 0.32
5451, 0.55
5452, 0.48
5453, 0.75
5454, 0.59
5455, 0.85
5456, 0.63
5457, 0.78
5458, 0.60
5459, 0.83
5460, 0.54
5461, 0.60
5462, 0.35
5463, 0.58
5464, 0.56
5465, 0.47
5466, 0.48
5467, 0.36
5468, 0.36
5469, 0.39
5470, 0.31
5471, 0.46
5472, 0.66
5473, 0.41
5474, 0.43
5475, 0.38
5476, 0.44
5477, 0.62
5478, 0.53
5479, 0.91
5480, 0.40
5481, 0.63
5482, 0.32
5483, 0.47
5484, 0.47
5485, 0.22
5486, 0.70
5487, 0.85
5488, 0.28
5489, 0.47
5490, 0.89
5491, 0.53
5492, 0.52
5493, 0.52
5494, 0.50
5495, 0.53
5496, 0.88
5497, 0.56
5498, 0.54
5499, 0.43
5500, 0.87
5501, 0.52
5502, 0.45
5503, 0.50
5504, 0.53
5505, 0.58
5506, 0.61
5507, 0.57
5508, 0.51
5509, 0.44
5510, 0.59
5511, 0.46
5512, 0.57
5513, 0.60
5514, 0.83
5515, 0.51
5516, 0.57
5517, 0.52
5518, 0.46
5519, 0.53
5520, 0.65
5521, 0.43
5522, 0.42
5523, 0.51
5524, 0.87
5525, 0.51
5526, 0.42
5527, 0.41
5528, 0.25
5529, 0.57
5530, 0.38
5531, 0.47
5532, 0.51
5533, 0.58
5534, 0.44
5535, 0.57
5536, 0.38
5537, 0.64
5538, 0.84
5539, 0.38
5540, 0.26
5541, 0.20
5542, 0.77
5543, 0.42
5544, 0.87
5545, 0.34
5546, 0.52
5547, 0.42
5548, 0.46
5549, 0.35
5550, 0.38
5551, 0.52
5552, 0.41
5553, 0.33
5554, 0.75
5555, 0.66
5556, 0.46
5557, 0.41
5558, 0.51
5559, 0.53
5560, 0.53
5561, 0.24
5562, 0.62
5563, 0.50
5564, 0.49
5565, 0.35
5566, 0.29
5567, 0.19
5568, 0.51
5569, 0.43
5570, 0.40
5571, 0.47
5572, 0.85
5573, 0.87
5574, 0.49
5575, 0.57
5576, 0.32
5577, 0.27
5578, 0.59
5579, 0.33
5580, 0.44
5581, 0.40
5582, 0.45
5583, 0.59
5584, 0.47
5585, 0.61
5586, 0.53
5587, 0.34
5588, 0.54
5589, 0.70
5590, 0.47
5591, 0.55
5592, 0.38
5593, 0.44
5594, 0.80
5595, 0.58
5596, 0.28
5597, 0.34
5598, 0.61
5599, 0.87
5600, 0.59
5601, 0.51
5602, 0.58
5603, 0.52
5604, 0.36
5605, 0.67
5606, 0.26
5607, 0.55
5608, 0.32
5609, 0.43
5610, 0.34
5611, 0.57
5612, 0.59
5613, 0.37
5614, 0.55
5615, 0.25
5616, 0.29
5617, 0.48
5618, 0.45
5619, 0.47
5620, 0.49
5621, 0.88
5622, 0.24
5623, 0.33
5624, 0.48
5625, 0.47
5626, 0.40
5627, 0.56
5628, 0.44
5629, 0.48
5630, 0.52
5631, 0.55
5632, 0.48
5633, 0.88
5634, 0.42
5635, 0.83
5636, 0.25
5637, 0.39
5638, 0.55
5639, 0.43
5640, 0.54
5641, 0.40
5642, 0.62
5643, 0.54
5644, 0.84
5645, 0.40
5646, 0.22
5647, 0.32
5648, 0.31
5649, 0.54
5650, 0.54
5651, 0.37
5652, 0.57
5653, 0.29
5654, 0.25
5655, 0.45
5656, 0.46
5657, 0.53
5658, 0.88
5659, 0.47
5660, 0.72
5661, 0.46
5662, 0.81
5663, 0.49
5664, 0.60
5665, 0.47
5666, 0.63
5667, 0.54
5668, 0.38
5669, 0.33
5670, 0.48
5671, 0.57
5672, 0.67
5673, 0.31
5674, 0.38
5675, 0.88
5676, 0.58
5677, 0.47
5678, 0.54
5679, 0.45
5680, 0.47
5681, 0.40
5682, 0.50
5683, 0.54
5684, 0.88
5685, 0.45
5686, 0.43
5687, 0.73
5688, 0.75
5689, 0.42
5690, 0.22
5691, 0.58
5692, 0.62
5693, 0.52
5694, 0.41
5695, 0.16
5696, 0.30
5697, 0.48
5698, 0.49
5699, 0.44
5700, 0.28
5701, 0.87
5702, 0.47
5703, 0.86
5704, 0.75
5705, 0.82
5706, 0.66
5707, 0.29
5708, 0.46
5709, 0.58
5710, 0.80
5711, 0.32
5712, 0.60
5713, 0.30
5714, 0.57
5715, 0.55
5716, 0.57
5717, 0.59
5718, 0.51
5719, 0.31
5720, 0.57
5721, 0.56
5722, 0.43
5723, 0.43
5724, 0.36
5725, 0.49
5726, 0.58
5727, 0.20
5728, 0.51
5729, 0.33
5730, 0.50
5731, 0.57
5732, 0.48
5733, 0.74
5734, 0.48
5735, 0.46
5736, 0.81
5737, 0.54
5738, 0.53
5739, 0.62
5740, 0.37
5741, 0.49
5742, 0.39
5743, 0.48
5744, 0.36
5745, 0.61
5746, 0.47
5747, 0.58
5748, 0.38
5749, 0.80
5750, 0.52
5751, 0.74
5752, 0.49
5753, 0.45
5754, 0.48
5755, 0.53
5756, 0.73
5757, 0.53
5758, 0.53
5759, 0.56
5760, 0.30
5761, 0.53
5762, 0.45
5763, 0.54
5764, 0.38
5765, 0.54
5766, 0.46
5767, 0.39
5768, 0.42
5769, 0.88
5770, 0.55
5771, 0.33
5772, 0.51
5773, 0.59
5774, 0.60
5775, 0.47
5776, 0.45
5777, 0.48
5778, 0.25
5779, 0.45
5780, 0.49
5781, 0.53
5782, 0.55
5783, 0.48
5784, 0.43
5785, 0.58
5786, 0.76
5787, 0.55
5788, 0.62
5789, 0.24
5790, 0.78
5791, 0.24
5792, 0.44
5793, 0.52
5794, 0.31
5795, 0.36
5796, 0.25
5797, 0.39
5798, 0.52
5799, 0.42
5800, 0.21
5801, 0.20
5802, 0.49
5803, 0.37
5804, 0.67
5805, 0.89
5806, 0.49
5807, 0.44
5808, 0.25
5809, 0.35
5810, 0.55
5811, 0.41
5812, 0.38
5813, 0.61
5814, 0.57
5815, 0.34
5816, 0.48
5817, 0.27
5818, 0.73
5819, 0.37
5820, 0.56
5821, 0.54
5822, 0.42
5823, 0.46
5824, 0.72
5825, 0.65
5826, 0.80
5827, 0.48
5828, 0.36
5829, 0.56
5830, 0.48
5831, 0.48
5832, 0.64
5833, 0.54
5834, 0.52
5835, 0.31
5836, 0.24
5837, 0.61
5838, 0.54
5839, 0.62
5840, 0.39
5841, 0.51
5842, 0.60
5843, 0.82
5844, 0.45
5845, 0.88
5846, 0.57
5847, 0.28
5848, 0.51
5849, 0.32
5850, 0.46
5851, 0.48
5852, 0.49
5853, 0.44
5854, 0.17
5855, 0.53
5856, 0.43
5857, 0.53
5858, 0.39
5859, 0.37
5860, 0.55
5861, 0.28
5862, 0.43
5863, 0.66
5864, 0.86
5865, 0.60
5866, 0.49
5867, 0.88
5868, 0.36
5869, 0.31
5870, 0.32
5871, 0.54
5872, 0.47
5873, 0.75
5874, 0.45
5875, 0.44
5876, 0.41
5877, 0.80
5878, 0.50
5879, 0.47
5880, 0.53
5881, 0.23
5882, 0.18
5883, 0.83
5884, 0.72
5885, 0.48
5886, 0.45
5887, 0.49
5888, 0.54
5889, 0.48
5890, 0.66
5891, 0.34
5892, 0.42
5893, 0.37
5894, 0.52
5895, 0.38
5896, 0.54
5897, 0.47
5898, 0.55
5899, 0.35
5900, 0.48
5901, 0.39
5902, 0.54
5903, 0.62
5904, 0.37
5905, 0.52
5906, 0.48
5907, 0.52
5908, 0.40
5909, 0.34
5910, 0.88
5911, 0.22
5912, 0.42
5913, 0.80
5914, 0.53
5915, 0.42
5916, 0.37
5917, 0.50
5918, 0.28
5919, 0.49
5920, 0.53
5921, 0.55
5922, 0.54
5923, 0.74
5924, 0.25
5925, 0.44
5926, 0.60
5927, 0.27
5928, 0.49
5929, 0.59
5930, 0.60
5931, 0.47
5932, 0.55
5933, 0.85
5934, 0.39
5935, 0.24
5936, 0.20
5937, 0.58
5938, 0.55
5939, 0.21
5940, 0.29
5941, 0.85
5942, 0.43
5943, 0.39
5944, 0.51
5945, 0.87
5946, 0.54
5947, 0.52
5948, 0.46
5949, 0.54
5950, 0.26
5951, 0.58
5952, 0.44
5953, 0.26
5954, 0.56
5955, 0.50
5956, 0.46
5957, 0.35
5958, 0.45
5959, 0.46
5960, 0.43
5961, 0.52
5962, 0.55
5963, 0.66
5964, 0.75
5965, 0.52
5966, 0.56
5967, 0.47
5968, 0.43
5969, 0.44
5970, 0.51
5971, 0.51
5972, 0.76
5973, 0.36
5974, 0.53
5975, 0.47
5976, 0.15
5977, 0.24
5978, 0.56
5979, 0.47
5980, 0.56
5981, 0.43
5982, 0.48
5983, 0.53
5984, 0.45
5985, 0.49
5986, 0.58
5987, 0.45
5988, 0.74
5989, 0.52
5990, 0.90
5991, 0.85
5992, 0.53
5993, 0.50
5994, 0.54
5995, 0.87
5996, 0.39
5997, 0.52
5998, 0.45
5999, 0.55
6000, 0.91
6001, 0.52
6002, 0.88
6003, 0.66
6004, 0.36
6005, 0.49
6006, 0.26
6007, 0.34
6008, 0.49
6009, 0.54
6010, 0.49
6011, 0.40
6012, 0.53
6013, 0.52
6014, 0.51
6015, 0.56
6016, 0.51
6017, 0.56
6018, 0.55
6019, 0.50
6020, 0.51
6021, 0.23
6022, 0.21
6023, 0.52
6024, 0.51
6025, 0.46
6026, 0.37
6027, 0.80
6028, 0.60
6029, 0.41
6030, 0.59
6031, 0.38
6032, 0.86
6033, 0.43
6034, 0.56
6035, 0.44
6036, 0.82
6037, 0.50
6038, 0.54
6039, 0.41
6040, 0.48
6041, 0.29
6042, 0.47
6043, 0.62
6044, 0.60
6045, 0.36
6046, 0.60
6047, 0.75
6048, 0.60
6049, 0.33
6050, 0.81
6051, 0.50
6052, 0.52
6053, 0.56
6054, 0.59
6055, 0.64
6056, 0.35
6057, 0.58
6058, 0.78
6059, 0.60
6060, 0.37
6061, 0.57
6062, 0.51
6063, 0.31
6064, 0.53
6065, 0.56
6066, 0.51
6067, 0.50
6068, 0.50
6069, 0.55
6070, 0.50
6071, 0.85
6072, 0.37
6073, 0.67
6074, 0.33
6075, 0.29
6076, 0.23
6077, 0.51
6078, 0.54
6079, 0.37
6080, 0.34
6081, 0.48
6082, 0.51
6083, 0.52
6084, 0.51
6085, 0.58
6086, 0.39
6087, 0.47
6088, 0.55
6089, 0.50
6090, 0.42
6091, 0.50
6092, 0.36
6093, 0.63
6094, 0.47
6095, 0.34
6096, 0.60
6097, 0.48
6098, 0.42
6099, 0.61
6100, 0.59
6101, 0.46
6102, 0.36
6103, 0.83
6104, 0.26
6105, 0.27
6106, 0.70
6107, 0.50
6108, 0.29
6109, 0.48
6110, 0.40
6111, 0.54
6112, 0.30
6113, 0.51
6114, 0.43
6115, 0.46
6116, 0.56
6117, 0.56
6118, 0.48
6119, 0.47
6120, 0.35
6121, 0.78
6122, 0.20
6123, 0.24
6124, 0.44
6125, 0.56
6126, 0.62
6127, 0.53
6128, 0.53
6129, 0.38
6130, 0.40
6131, 0.81
6132, 0.45
6133, 0.60
6134, 0.34
6135, 0.49
6136, 0.58
6137, 0.60
6138, 0.47
6139, 0.77
6140, 0.57
6141, 0.73
6142, 0.80
6143, 0.43
6144, 0.45
6145, 0.55
6146, 0.62
6147, 0.35
6148, 0.51
6149, 0.36
6150, 0.52
6151, 0.45
6152, 0.38
6153, 0.51
6154, 0.84
6155, 0.23
6156, 0.19
6157, 0.48
6158, 0.41
6159, 0.21
6160, 0.37
6161, 0.17
6162, 0.58
6163, 0.48
6164, 0.45
6165, 0.55
6166, 0.50
6167, 0.41
6168, 0.52
6169, 0.42
6170, 0.49
6171, 0.90
6172, 0.48
6173, 0.49
6174, 0.37
6175, 0.49
6176, 0.43
6177, 0.49
6178, 0.26
6179, 0.48
6180, 0.59
6181, 0.28
6182, 0.85
6183, 0.51
6184, 0.44
6185, 0.60
6186, 0.59
6187, 0.60
6188, 0.51
6189, 0.85
6190, 0.68
6191, 0.51
6192, 0.56
6193, 0.79
6194, 0.34
6195, 0.60
6196, 0.58
6197, 0.91
6198, 0.49
6199, 0.71
6200, 0.41
6201, 0.63
6202, 0.32
6203, 0.32
6204, 0.84
6205, 0.47
6206, 0.76
6207, 0.44
6208, 0.41
6209, 0.46
6210, 0.42
6211, 0.50
6212, 0.43
6213, 0.20
6214, 0.64
6215, 0.43
6216, 0.46
6217, 0.49
6218, 0.20
6219, 0.89
6220, 0.41
6221, 0.39
6222, 0.42
6223, 0.85
6224, 0.32
6225, 0.52
6226, 0.63
6227, 0.58
6228, 0.56
6229, 0.80
6230, 0.89
6231, 0.45
6232, 0.29
6233, 0.56
6234, 0.82
6235, 0.48
6236, 0.49
6237, 0.45
6238, 0.49
6239, 0.48
6240, 0.44
6241, 0.57
6242, 0.54
6243, 0.51
6244, 0.58
6245, 0.38
6246, 0.51
6247, 0.43
6248, 0.56
6249, 0.43
6250, 0.82
6251, 0.49
6252, 0.41
6253, 0.48
6254, 0.36
6255, 0.47
6256, 0.43
6257, 0.48
6258, 0.56
6259, 0.46
6260, 0.57
6261, 0.45
6262, 0.60
6263, 0.57
6264, 0.21
6265, 0.31
6266, 0.91
6267, 0.49
6268, 0.71
6269, 0.49
6270, 0.46
6271, 0.53
6272, 0.29
6273, 0.27
6274, 0.34
6275, 0.45
6276, 0.53
6277, 0.72
6278, 0.43
6279, 0.42
6280, 0.90
6281, 0.26
6282, 0.40
6283, 0.31
6284, 0.58
6285, 0.52
6286, 0.51
6287, 0.51
6288, 0.60
6289, 0.31
6290, 0.77
6291, 0.43
6292, 0.35
6293, 0.50
6294, 0.42
6295, 0.58
6296, 0.81
6297, 0.43
6298, 0.40
6299, 0.76
6300, 0.46
6301, 0.44
6302, 0.31
6303, 0.45
6304, 0.86
6305, 0.47
6306, 0.53
6307, 0.58
6308, 0.37
6309, 0.32
6310, 0.55
6311, 0.43
6312, 0.14
6313, 0.53
6314, 0.46
6315, 0.42
6316, 0.71
6317, 0.50
6318, 0.48
6319, 0.40
6320, 0.64
6321, 0.59
6322, 0.57
6323, 0.45
6324, 0.89
6325, 0.46
6326, 0.22
6327, 0.51
6328, 0.29
6329, 0.40
6330, 0.65
6331, 0.38
6332, 0.44
6333, 0.51
6334, 0.51
6335, 0.60
6336, 0.62
6337, 0.33
6338, 0.49
6339, 0.43
6340, 0.24
6341, 0.50
6342, 0.37
6343, 0.36
6344, 0.82
6345, 0.39
6346, 0.85
6347, 0.48
6348, 0.86
6349, 0.50
6350, 0.42
6351, 0.50
6352, 0.79
6353, 0.47
6354, 0.39
6355, 0.61
6356, 0.32
6357, 0.77
6358, 0.29
6359, 0.51
6360, 0.81
6361, 0.27
6362, 0.62
6363, 0.78
6364, 0.32
6365, 0.46
6366, 0.17
6367, 0.50
6368, 0.29
6369, 0.85
6370, 0.52
6371, 0.51
6372, 0.29
6373, 0.57
6374, 0.47
6375, 0.20
6376, 0.73
6377, 0.50
6378, 0.83
6379, 0.55
6380, 0.26
6381, 0.48
6382, 0.41
6383, 0.58
6384, 0.41
6385, 0.54
6386, 0.49
6387, 0.31
6388, 0.49
6389, 0.51
6390, 0.57
6391, 0.52
6392, 0.33
6393, 0.60
6394, 0.36
6395, 0.29
6396, 0.85
6397, 0.23
6398, 0.41
6399, 0.42
6400, 0.43
6401, 0.57
6402, 0.25
6403, 0.45
6404, 0.77
6405, 0.38
6406, 0.45
6407, 0.61
6408, 0.54
6409, 0.49
6410, 0.36
6411, 0.35
6412, 0.53
6413, 0.27
6414, 0.52
6415, 0.59
6416, 0.48
6417, 0.31
6418, 0.36
6419, 0.53
6420, 0.56
6421, 0.72
6422, 0.21
6423, 0.26
6424, 0.37
6425, 0.46
6426, 0.70
6427, 0.50
6428, 0.42
6429, 0.49
6430, 0.77
6431, 0.26
6432, 0.48
6433, 0.22
6434, 0.39
6435, 0.34
6436, 0.19
6437, 0.54
6438, 0.48
6439, 0.42
6440, 0.43
6441, 0.49
6442, 0.43
6443, 0.43
6444, 0.21
6445, 0.27
6446, 0.46
6447, 0.51
6448, 0.77
6449, 0.55
6450, 0.28
6451, 0.51
6452, 0.54
6453, 0.62
6454, 0.54
6455, 0.34
6456, 0.67
6457, 0.41
6458, 0.39
6459, 0.47
6460, 0.35
6461, 0.54
6462, 0.36
6463, 0.30
6464, 0.54
6465, 0.29
6466, 0.44
6467, 0.47
6468, 0.66
6469, 0.52
6470, 0.38
6471, 0.65
6472, 0.46
6473, 0.29
6474, 0.51
6475, 0.53
6476, 0.84
6477, 0.50
6478, 0.30
6479, 0.36
6480, 0.43
6481, 0.46
6482, 0.38
6483, 0.37
6484, 0.49
6485, 0.45
6486, 0.28
6487, 0.54
6488, 0.80
6489, 0.31
6490, 0.39
6491, 0.47
6492, 0.30
6493, 0.57
6494, 0.45
6495, 0.47
6496, 0.53
6497, 0.53
6498, 0.29
6499, 0.60
6500, 0.51
6501, 0.52
6502, 0.45
6503, 0.40
6504, 0.31
6505, 0.48
6506, 0.53
6507, 0.51
6508, 0.60
6509, 0.62
6510, 0.57
6511, 0.69
6512, 0.89
6513, 0.43
6514, 0.47
6515, 0.54
6516, 0.53
6517, 0.50
6518, 0.33
6519, 0.36
6520, 0.39
6521, 0.63
6522, 0.58
6523, 0.45
6524, 0.43
6525, 0.44
6526, 0.56
6527, 0.66
6528, 0.84
6529, 0.50
6530, 0.84
6531, 0.49
6532, 0.31
6533, 0.37
6534, 0.57
6535, 0.27
6536, 0.83
6537, 0.50
6538, 0.47
6539, 0.58
6540, 0.58
6541, 0.48
6542, 0.33
6543, 0.81
6544, 0.53
6545, 0.48
6546, 0.42
6547, 0.38
6548, 0.56
6549, 0.79
6550, 0.45
6551, 0.47
6552, 0.20
6553, 0.62
6554, 0.41
6555, 0.46
6556, 0.43
6557, 0.50
6558, 0.54
6559, 0.41
6560, 0.44
6561, 0.52
6562, 0.53
6563, 0.51
6564, 0.32
6565, 0.51
6566, 0.27
6567, 0.81
6568, 0.60
6569, 0.18
6570, 0.50
6571, 0.53
6572, 0.51
6573, 0.52
6574, 0.86
6575, 0.40
6576, 0.33
6577, 0.41
6578, 0.51
6579, 0.31
6580, 0.47
6581, 0.33
6582, 0.45
6583, 0.67
6584, 0.54
6585, 0.45
6586, 0.46
6587, 0.17
6588, 0.49
6589, 0.29
6590, 0.50
6591, 0.42
6592, 0.85
6593, 0.39
6594, 0.42
6595, 0.69
6596, 0.44
6597, 0.53
6598, 0.45
6599, 0.39
6600, 0.51
6601, 0.45
6602, 0.60
6603, 0.47
6604, 0.51
6605, 0.36
6606, 0.53
6607, 0.47
6608, 0.44
6609, 0.53
6610, 0.26
6611, 0.27
6612, 0.34
6613, 0.57
6614, 0.55
6615, 0.60
6616, 0.18
6617, 0.85
6618, 0.18
6619, 0.47
6620, 0.40
6621, 0.29
6622, 0.48
6623, 0.31
6624, 0.46
6625, 0.50
6626, 0.54
6627, 0.52
6628, 0.57
6629, 0.57
6630, 0.79
6631, 0.50
6632, 0.56
6633, 0.50
6634, 0.46
6635, 0.80
6636, 0.30
6637, 0.81
6638, 0.44
6639, 0.86
6640, 0.55
6641, 0.79
6642, 0.38
6643, 0.22
6644, 0.41
6645, 0.53
6646, 0.26
6647, 0.38
6648, 0.33
6649, 0.38
6650, 0.38
6651, 0.71
6652, 0.47
6653, 0.51
6654, 0.44
6655, 0.44
6656, 0.37
6657, 0.59
6658, 0.53
6659, 0.47
6660, 0.76
6661, 0.47
6662, 0.43
6663, 0.49
6664, 0.48
6665, 0.59
6666, 0.54
6667, 0.54
6668, 0.58
6669, 0.55
6670, 0.61
6671, 0.73
6672, 0.48
6673, 0.26
6674, 0.54
6675, 0.22
6676, 0.66
6677, 0.46
6678, 0.63
6679, 0.60
6680, 0.29
6681, 0.60
6682, 0.59
6683, 0.29
6684, 0.50
6685, 0.44
6686, 0.42
6687, 0.54
6688, 0.60
6689, 0.87
6690, 0.48
6691, 0.53
6692, 0.77
6693, 0.58
6694, 0.43
6695, 0.28
6696, 0.84
6697, 0.35
6698, 0.45
6699, 0.46
6700, 0.57
6701, 0.51
6702, 0.33
6703, 0.45
6704, 0.59
6705, 0.53
6706, 0.55
6707, 0.49
6708, 0.51
6709, 0.56
6710, 0.23
6711, 0.63
6712, 0.52
6713, 0.42
6714, 0.26
6715, 0.46
6716, 0.57
6717, 0.29
6718, 0.42
6719, 0.42
6720, 0.41
6721, 0.59
6722, 0.50
6723, 0.79
6724, 0.52
6725, 0.40
6726, 0.43
6727, 0.48
6728, 0.25
6729, 0.86
6730, 0.61
6731, 0.48
6732, 0.84
6733, 0.49
6734, 0.57
6735, 0.57
6736, 0.56
6737, 0.52
6738, 0.49
6739, 0.49
6740, 0.65
6741, 0.51
6742, 0.25
6743, 0.24
6744, 0.85
6745, 0.68
6746, 0.42
6747, 0.40
6748, 0.54
6749, 0.73
6750, 0.41
6751, 0.18
6752, 0.49
6753, 0.33
6754, 0.39
6755, 0.40
6756, 0.42
6757, 0.58
6758, 0.48
6759, 0.38
6760, 0.54
6761, 0.30
6762, 0.25
6763, 0.64
6764, 0.44
6765, 0.36
6766, 0.47
6767, 0.60
6768, 0.45
6769, 0.33
6770, 0.81
6771, 0.55
6772, 0.67
6773, 0.28
6774, 0.55
6775, 0.65
6776, 0.53
6777, 0.58
6778, 0.44
6779, 0.39
6780, 0.57
6781, 0.82
6782, 0.52
6783, 0.45
6784, 0.76
6785, 0.31
6786, 0.42
6787, 0.61
6788, 0.41
6789, 0.88
6790, 0.37
6791, 0.55
6792, 0.89
6793, 0.27
6794, 0.44
6795, 0.64
6796, 0.70
6797, 0.52
6798, 0.85
6799, 0.26
6800, 0.75
6801, 0.76
6802, 0.49
6803, 0.61
6804, 0.24
6805, 0.70
6806, 0.58
6807, 0.52
6808, 0.23
6809, 0.32
6810, 0.26
6811, 0.58
6812, 0.52
6813, 0.41
6814, 0.36
6815, 0.44
6816, 0.47
6817, 0.51
6818, 0.53
6819, 0.66
6820, 0.35
6821, 0.72
6822, 0.37
6823, 0.53
6824, 0.39
6825, 0.63
6826, 0.65
6827, 0.27
6828, 0.40
6829, 0.51
6830, 0.27
6831, 0.85
6832, 0.39
6833, 0.74
6834, 0.48
6835, 0.34
6836, 0.48
6837, 0.20
6838, 0.52
6839, 0.48
6840, 0.35
6841, 0.48
6842, 0.50
6843, 0.58
6844, 0.37
6845, 0.44
6846, 0.48
6847, 0.88
6848, 0.38
6849, 0.55
6850, 0.53
6851, 0.34
6852, 0.45
6853, 0.37
6854, 0.71
6855, 0.47
6856, 0.55
6857, 0.43
6858, 0.56
6859, 0.41
6860, 0.46
6861, 0.86
6862, 0.89
6863, 0.38
6864, 0.56
6865, 0.26
6866, 0.52
6867, 0.58
6868, 0.57
6869, 0.62
6870, 0.53
6871, 0.47
6872, 0.43
6873, 0.80
6874, 0.51
6875, 0.51
6876, 0.38
6877, 0.42
6878, 0.42
6879, 0.48
6880, 0.50
6881, 0.55
6882, 0.43
6883, 0.57
6884, 0.64
6885, 0.40
6886, 0.35
6887, 0.47
6888, 0.54
6889, 0.36
6890, 0.74
6891, 0.57
6892, 0.82
6893, 0.50
6894, 0.82
6895, 0.79
6896, 0.34
6897, 0.77
6898, 0.51
6899, 0.48
6900, 0.88
6901, 0.47
6902, 0.41
6903, 0.34
6904, 0.39
6905, 0.48
6906, 0.35
6907, 0.40
6908, 0.38
6909, 0.19
6910, 0.50
6911, 0.70
6912, 0.53
6913, 0.47
6914, 0.43
6915, 0.26
6916, 0.42
6917, 0.56
6918, 0.45
6919, 0.54
6920, 0.48
6921, 0.53
6922, 0.54
6923, 0.16
6924, 0.49
6925, 0.37
6926, 0.61
6927, 0.37
6928, 0.54
6929, 0.38
6930, 0.31
6931, 0.62
6932, 0.83
6933, 0.54
6934, 0.48
6935, 0.58
6936, 0.88
6937, 0.56
6938, 0.50
6939, 0.25
6940, 0.81
6941, 0.64
6942, 0.43
6943, 0.47
6944, 0.50
6945, 0.49
6946, 0.37
6947, 0.71
6948, 0.16
6949, 0.90
6950, 0.52
6951, 0.59
6952, 0.61
6953, 0.39
6954, 0.55
6955, 0.53
6956, 0.25
6957, 0.23
6958, 0.22
6959, 0.55
6960, 0.32
6961, 0.89
6962, 0.31
6963, 0.49
6964, 0.60
6965, 0.88
6966, 0.46
6967, 0.46
6968, 0.56
6969, 0.42
6970, 0.45
6971, 0.28
6972, 0.44
6973, 0.49
6974, 0.68
6975, 0.52
6976, 0.41
6977, 0.28
6978, 0.50
6979, 0.44
6980, 0.54
6981, 0.18
6982, 0.44
6983, 0.57
6984, 0.45
6985, 0.18
6986, 0.44
6987, 0.58
6988, 0.56
6989, 0.69
6990, 0.50
6991, 0.47
6992, 0.32
6993, 0.52
6994, 0.56
6995, 0.80
6996, 0.58
6997, 0.88
6998, 0.50
6999, 0.46
7000, 0.51
7001, 0.61
7002, 0.54
7003, 0.57
7004, 0.87
7005, 0.69
7006, 0.50
7007, 0.47
7008, 0.57
7009, 0.54
7010, 0.58
7011, 0.36
7012, 0.33
7013, 0.60
7014, 0.53
7015, 0.52
7016, 0.39
7017, 0.44
7018, 0.28
7019, 0.49
7020, 0.51
7021, 0.46
7022, 0.17
7023, 0.60
7024, 0.54
7025, 0.43
7026, 0.64
7027, 0.20
7028, 0.46
7029, 0.47
7030, 0.48
7031, 0.51
7032, 0.61
7033, 0.33
7034, 0.72
7035, 0.67
7036, 0.67
7037, 0.14
7038, 0.51
7039, 0.51
7040, 0.48
7041, 0.44
7042, 0.47
7043, 0.34
7044, 0.40
7045, 0.54
7046, 0.56
7047, 0.38
7048, 0.62
7049, 0.59
7050, 0.50
7051, 0.43
7052, 0.38
7053, 0.42
7054, 0.55
7055, 0.53
7056, 0.50
7057, 0.48
7058, 0.55
7059, 0.32
7060, 0.47
7061, 0.35
7062, 0.48
7063, 0.45
7064, 0.32
7065, 0.89
7066, 0.47
7067, 0.48
7068, 0.40
7069, 0.49
7070, 0.52
7071, 0.60
7072, 0.80
7073, 0.23
7074, 0.45
7075, 0.19
7076, 0.54
7077, 0.23
7078, 0.40
7079, 0.83
7080, 0.88
7081, 0.54
7082, 0.19
7083, 0.30
7084, 0.42
7085, 0.51
7086, 0.45
7087, 0.86
7088, 0.50
7089, 0.46
7090, 0.36
7091, 0.57
7092, 0.55
7093, 0.50
7094, 0.19
7095, 0.54
7096, 0.61
7097, 0.43
7098, 0.49
7099, 0.38
7100, 0.56
7101, 0.44
7102, 0.62
7103, 0.38
7104, 0.49
7105, 0.61
7106, 0.83
7107, 0.39
7108, 0.50
7109, 0.53
7110, 0.21
7111, 0.56
7112, 0.37
7113, 0.58
7114, 0.53
7115, 0.44
7116, 0.56
7117, 0.44
7118, 0.54
7119, 0.71
7120, 0.46
7121, 0.34
7122, 0.46
7123, 0.82
7124, 0.45
7125, 0.31
7126, 0.39
7127, 0.46
7128, 0.48
7129, 0.54
7130, 0.80
7131, 0.60
7132, 0.43
7133, 0.24
7134, 0.29
7135, 0.56
7136, 0.50
7137, 0.29
7138, 0.58
7139, 0.61
7140, 0.16
7141, 0.50
7142, 0.45
7143, 0.32
7144, 0.32
7145, 0.67
7146, 0.41
7147, 0.38
7148, 0.48
7149, 0.69
7150, 0.53
7151, 0.47
7152, 0.38
7153, 0.43
7154, 0.48
7155, 0.72
7156, 0.47
7157, 0.55
7158, 0.51
7159, 0.49
7160, 0.40
7161, 0.21
7162, 0.42
7163, 0.38
7164, 0.63
7165, 0.61
7166, 0.84
7167, 0.43
7168, 0.36
7169, 0.40
7170, 0.70
7171, 0.40
7172, 0.45
7173, 0.37
7174, 0.47
7175, 0.47
7176, 0.54
7177, 0.53
7178, 0.45
7179, 0.89
7180, 0.76
7181, 0.75
7182, 0.31
7183, 0.88
7184, 0.57
7185, 0.58
7186, 0.29
7187, 0.48
7188, 0.45
7189, 0.49
7190, 0.60
7191, 0.39
7192, 0.80
7193, 0.46
7194, 0.54
7195, 0.59
7196, 0.52
7197, 0.28
7198, 0.47
7199, 0.31
7200, 0.78
7201, 0.54
7202, 0.50
7203, 0.42
7204, 0.32
7205, 0.48
7206, 0.34
7207, 0.46
7208, 0.58
7209, 0.48
7210, 0.45
7211, 0.46
7212, 0.32
7213, 0.54
7214, 0.44
7215, 0.34
7216, 0.84
7217, 0.82
7218, 0.56
7219, 0.49
7220, 0.47
7221, 0.60
7222, 0.78
7223, 0.44
7224, 0.49
7225, 0.80
7226, 0.49
7227, 0.34
7228, 0.41
7229, 0.36
7230, 0.43
7231, 0.41
7232, 0.37
7233, 0.53
7234, 0.49
7235, 0.17
7236, 0.51
7237, 0.54
7238, 0.36
7239, 0.32
7240, 0.34
7241, 0.53
7242, 0.47
7243, 0.49
7244, 0.49
7245, 0.38
7246, 0.46
7247, 0.39
7248, 0.27
7249, 0.46
7250, 0.51
7251, 0.54
7252, 0.71
7253, 0.49
7254, 0.38
7255, 0.85
7256, 0.49
7257, 0.49
7258, 0.80
7259, 0.49
7260, 0.30
7261, 0.25
7262, 0.66
7263, 0.62
7264, 0.47
7265, 0.35
7266, 0.35
7267, 0.86
7268, 0.50
7269, 0.69
7270, 0.32
7271, 0.52
7272, 0.44
7273, 0.34
7274, 0.73
7275, 0.69
7276, 0.49
7277, 0.46
7278, 0.56
7279, 0.49
7280, 0.55
7281, 0.38
7282, 0.43
7283, 0.40
7284, 0.55
7285, 0.57
7286, 0.53
7287, 0.61
7288, 0.51
7289, 0.56
7290, 0.52
7291, 0.61
7292, 0.42
7293, 0.55
7294, 0.32
7295, 0.21
7296, 0.76
7297, 0.59
7298, 0.76
7299, 0.51
7300, 0.42
7301, 0.42
7302, 0.51
7303, 0.47
7304, 0.13
7305, 0.65
7306, 0.53
7307, 0.52
7308, 0.38
7309, 0.35
7310, 0.58
7311, 0.37
7312, 0.40
7313, 0.50
7314, 0.40
7315, 0.47
7316, 0.37
7317, 0.51
7318, 0.44
7319, 0.56
7320, 0.43
7321, 0.54
7322, 0.77
7323, 0.35
7324, 0.77
7325, 0.50
7326, 0.50
7327, 0.51
7328, 0.47
7329, 0.54
7330, 0.50
7331, 0.49
7332, 0.37
7333, 0.55
7334, 0.60
7335, 0.54
7336, 0.45
7337, 0.51
7338, 0.48
7339, 0.47
7340, 0.36
7341, 0.46
7342, 0.76
7343, 0.51
7344, 0.40
7345, 0.33
7346, 0.52
7347, 0.72
7348, 0.37
7349, 0.90
7350, 0.28
7351, 0.67
7352, 0.61
7353, 0.43
7354, 0.81
7355, 0.89
7356, 0.53
7357, 0.46
7358, 0.47
7359, 0.60
7360, 0.50
7361, 0.64
7362, 0.81
7363, 0.45
7364, 0.44
7365, 0.45
7366, 0.53
7367, 0.76
7368, 0.55
7369, 0.44
7370, 0.54
7371, 0.41
7372, 0.37
7373, 0.89
7374, 0.49
7375, 0.50
7376, 0.84
7377, 0.34
7378, 0.57
7379, 0.54
7380, 0.61
7381, 0.45
7382, 0.36
7383, 0.66
7384, 0.59
7385, 0.24
7386, 0.52
7387, 0.50
7388, 0.52
7389, 0.82
7390, 0.56
7391, 0.54
7392, 0.46
7393, 0.47
7394, 0.74
7395, 0.57
7396, 0.47
7397, 0.49
7398, 0.41
7399, 0.36
7400, 0.51
7401, 0.86
7402, 0.57
7403, 0.40
7404, 0.44
7405, 0.50
7406, 0.43
7407, 0.49
7408, 0.54
7409, 0.30
7410, 0.36
7411, 0.21
7412, 0.45
7413, 0.22
7414, 0.63
7415, 0.61
7416, 0.21
7417, 0.84
7418, 0.37
7419, 0.44
7420, 0.80
7421, 0.50
